86487
186463
133564
31438
165517
54090
62891
96613
37225
84523
82857
94317
366755
282616
165243
87045
86139
54080
223506
166766
202038
78223
98051
61627
67291
49987
64127
69167
54504
58613
90882
83958
383079
294707
143811
107300
108472
105147
333353
111301
112034
104603
84580
42781
234251
51421
280579
117968
64838
57896
150761
136463
113918
284554
221208
264243
256005
85912
42120
90643
120720
41996
189977
94040
142596
102576
93348
40176
115935
106376
36643
75171
186954
111748
31055
53340
181628
87434
213810
54530
19328
121569
22022
117745
119199
91728
151661
60579
128430
108981
151701
27701
126820
30173
54273
81863
125271
41255
74265
23762
60403
73658
121874
72683
34356
88094
38333
26170
77726
32300
78984
88587
65981
47071
53852
194834
56888
103033
98659
86415
89348
164137
26530
160180
150850
171041
31177
42079
24889
26042
285818
281382
132273
143025
105402
81757
50945
40839
83871
274183
92897
367025
335025
104935
47212
114876
268859
87954
70524
418893
80766
70987
45358
136712
136650
959492
29449
67439
48564
231858
113352
237711
215977
670617
626930
282706
192551
153281
227391
224768
260908
257963
204546
222630
431562
150665
476252
59244
357609
191036
292119
310686
315067
134304
82899
90473
384352
54940
141550
132126
122326
359347
116133
182757
112787
119293
134976
102399
25499
184111
214698
132566
310055
296249
290226
285028
274418
127392
324881
288342
279712
103103
187538
189073
49649
300751
260038
367331
343184
131056
48991
69900
135075
121380
42052
34234
32275
130427
203981
207344
56822
20494
52340
108394
104010
83433
47512
91410
177189
148229
32193
75113
87219
537392
247346
24321
303920
331308
49189
156188
163546
346009
359767
217057
92040
61950
167020
19139
28932
35414
70286
147209
132658
162219
87581
96033
113646
25819
61080
26567
16302
56300
55685
39781
290960
140803
41910
62424
67685
79871
33994
28379
32451
30523
45394
24043
132588
40906
44176
268566
36206
141563
139809
239335
57549
22200
33282
54778
70573
189208
73285
8364
66662
11663
79736
90895
17035
27727
22148
75963
73439
16365
20047
73505
29571
46234
51649
39369
134629
34474
27228
79368
60500
151955
23718
30521
50554
18039
45654
35067
171172
16342
133962
70765
92794
62561
21283
34961
28024
65958
111350
70323
157365
160672
22738
117404
43280
129332
95287
53344
50026
730462
36902
619245
111368
92922
113800
69637
150456
118371
178931
103738
227038
116323
119990
25821
16107
64347
154770
254239
251751
244170
231289
336560
220502
210985
326739
461534
244232
199944
188868
185167
312405
197281
149006
146615
153256
265447
173670
40499
88203
88338
82340
86333
134264
80084
161866
111256
71213
182453
443523
396631
426683
357585
309842
339264
77091
36520
39897
109923
457732
375989
123630
486007
463730
228614
213559
95591
167531
320532
24084
251325
228125
190862
459782
228559
114455
72713
107962
103585
294439
163234
347188
330059
57734
54501
234074
311309
252865
338383
188810
185493
183065
180936
61136
73055
13614
260326
29540
147088
176392
491943
398836
56745
198401
122672
77032
380308
106206
135623
133331
102320
214048
16513
161150
342493
177271
155733
403364
308971
305831
67746
209588
180862
215757
142073
70593
28211
73489
107256
92624
60199
22288
43698
65053
14902
32905
20110
30388
145431
83593
94652
75584
119790
112716
108861
125685
122470
40411
72580
229044
176789
97659
65535
54709
147282
198111
75686
268152
300823
257678
201099
43322
149336
105610
101940
71466
57321
48626
241960
197861
133997
72199
51626
149896
130706
127267
88387
36081
128592
69076
65331
39879
52303
185977
115270
58384
122308
75759
93703
39629
32609
29577
186317
103517
54793
69252
414584
320185
40734
47191
78358
66103
222352
106858
111677
46075
178639
123061
116206
170794
25622
90260
55020
128872
103124
167324
39640
26039
727270
686845
549471
44128
140287
71983
77018
354291
132212
245951
114089
22805
117370
180616
748760
115107
118202
67365
251577
195443
96457
86652
169149
178480
342650
288798
550869
152232
127672
50861
409289
337613
277978
436460
500678
297088
370797
218293
36512
56320
56622
71409
193857
305953
203013
183898
14161
535376
563389
491975
223791
294063
232746
225499
761642
350447
195401
155328
485409
119868
163917
161926
217653
268788
104673
380625
121815
493093
35216
24870
122139
162216
501252
418500
123119
214186
79585
96199
304339
223483
16365
101629
120989
89159
928239
564753
25768
193180
177094
849382
438971
202191
278352
114986
38856
33534
583987
132317
23077
181120
297155
42607
198942
250781
222185
87686
148427
161456
1776536
157402
1429915
209107
241424
203724
26075
446580
68849
164627
118395
323978
406969
413925
135362
367744
191335
57576
216721
135001
40234
346949
54232
32081
221897
156037
469738
98070
131312
676210
640805
327665
314239
52684
122415
198787
31076
110946
85289
89667
213009
47311
147397
145417
39751
26327
22659
109876
98493
69154
238993
82487
54252
42002
287528
143337
292428
104215
105074
48416
258647
180497
173955
252527
134869
84731
38721
112690
85276
110111
229432
381186
109844
104685
335112
93381
89162
97928
202392
97623
147410
206291
168238
223882
552891
89345
46908
113446
81266
73318
125465
88754
105274
88418
29893
155659
99561
231130
81132
121873
72024
113318
165632
142217
79084
209452
64564
381468
283591
173761
59156
152047
92748
96902
29933
510990
469687
62486
113639
91721
29838
53828
21854
833728
47957
477793
469985
467707
249447
37137
183455
112637
78704
61099
85906
60806
272517
161345
185896
211276
27219
202038
78640
24529
529095
122441
244951
122435
120254
97015
99270
278159
51824
182962
187374
172098
109150
128607
137791
129440
97266
344952
112286
119726
338850
245699
142511
82537
154348
347364
204315
57016
33063
208524
173061
104976
138114
125515
70429
546009
179472
59352
41574
33857
120170
116801
227023
170517
15233
147452
63825
115043
64807
79881
136794
89165
148606
18780
39369
54606
24584
30376
21852
110671
78157
126591
66668
176431
51644
10065
25669
129591
95784
90366
75011
84317
48081
181997
315802
14802
16576
25808
81993
46333
52282
77432
355760
227977
144506
140415
177525
173953
169046
119922
118134
120986
116093
80850
172145
66653
151230
146096
65198
68655
87128
171872
145783
321194
76968
163886
74836
59077
14361
44898
42484
252657
84047
141009
87464
72890
241372
294643
188877
289352
235584
70519
61809
147319
303468
133523
98873
76661
143331
234973
152519
82064
252532
62812
106053
378570
371421
368422
53426
103307
744438
152276
217572
245427
209691
43957
791805
58496
125767
136109
267021
54782
515233
426219
385524
383843
395312
137802
103596
137822
129327
65284
180088
118888
184634
11900
60518
27401
27913
41029
139621
126473
313929
268746
202774
197071
46190
181459
149347
113104
106032
114829
103265
359626
397515
352370
354645
38192
54647
223421
217724
306106
351908
86576
176214
76985
332307
208377
330092
65003
64224
126134
152019
152211
85557
93936
33635
94444
92814
37094
44890
122353
134112
549254
110621
15261
329023
247558
221515
111116
230030
89250
77147
759397
751006
254540
245109
112455
234060
73067
219043
189249
135452
125026
174044
133363
28041
85412
93804
293238
192857
154287
118345
117551
166047
107341
127115
117841
120547
117739
84278
131504
249004
219257
32310
27185
45918
482541
242366
185252
345974
178311
194115
180805
227217
225305
134682
59386
294655
244917
126690
405170
301861
112164
56715
126490
383522
121266
123823
79347
105119
163693
325382
144892
25981
20870
152503
135457
127217
112427
362391
209529
184704
101326
125818
304396
67929
466115
206003
186882
200151
182314
44075
26796
147116
54692
252371
60170
290294
47584
166395
176022
178186
166294
168385
222022
182983
41042
431979
400249
42230
76129
69320
60425
67231
263338
271191
82267
177892
34079
174677
158571
407403
132532
28355
69094
22189
33716
76513
72541
48713
36324
112753
257176
48273
95791
307765
68188
56555
57862
50086
70966
39233
54055
40718
28667
36559
24469
76759
49696
183029
47798
155175
140062
36761
161618
93714
148273
117944
45523
16290
13776
117457
177168
156955
68326
109282
107776
37500
26061
203769
163253
98069
96083
35207
56868
40995
46844
22435
59405
54858
40093
94109
38844
29078
30820
111466
106409
37951
209010
105230
100696
64498
35673
15964
74385
24552
71194
21306
9273
139451
18148
54202
51365
30980
23574
17595
11260
30049
40195
189746
125977
26678
581729
203111
280902
276011
272348
248506
65397
13349
90756
97691
44056
67954
346212
253411
104201
57441
46720
28223
42516
35482
193426
65963
60700
54656
121572
116127
82481
104927
319018
226123
182006
107823
104570
104168
56077
143470
86629
144122
64078
255682
111502
112133
31270
109002
126396
44163
67072
141627
24473
60525
365406
355892
36844
13707
145727
88494
1032626
156187
131767
151860
175916
362093
151762
210118
191674
49423
68661
528048
440380
171125
417176
139046
344974
81596
355868
172474
392192
17710
127191
103974
129427
125813
174956
166210
139541
190861
61104
59717
267009
168043
44890
225888
102713
26788
155013
266618
22983
20409
13320
18570
17829
14976
52628
58079
64912
67427
173810
48250
225047
148136
158225
111995
158369
143788
135380
67942
70828
66425
192510
93685
271157
70329
673893
458436
72391
214694
385928
375130
430679
426938
460024
392977
88697
104775
379890
181492
175417
143304
464703
137524
143642
202276
67588
140025
503208
477266
391325
152182
41611
49761
222173
215554
132314
83822
89422
41444
79854
66666
30134
24676
71564
12867
18994
13489
17118
24274
31642
48595
240463
49696
129319
90207
73435
135198
62174
122985
64410
208440
89048
73542
177083
175278
46905
111815
106007
38046
230258
168857
25708
715700
428412
258627
452288
245915
252804
327935
187401
23702
78375
53587
66854
111980
136083
104899
427142
425948
86730
34065
34029
183712
150663
69222
41953
295277
253648
246007
323336
266190
263300
170472
84720
82887
69763
137045
72941
251871
359811
234675
162416
102654
139806
176310
146174
121378
151876
21251
30995
290966
227271
200113
207675
88272
202259
391258
134483
233240
292101
306362
216599
201853
163497
1266422
177532
181986
128206
342036
96098
160570
298938
202116
86374
694275
226522
106450
218055
52910
365125
654159
34505
63854
122371
51633
120451
36151
95683
31113
17189
24661
35617
40821
36983
17737
75930
42212
60816
38032
83592
56843
24878
146633
32372
104424
46245
54185
8612
10574
222538
200002
155365
63047
62581
98973
103501
88676
16223
100188
73569
131757
133008
221975
161458
79567
71476
110756
106587
88669
84882
53662
27962
19311
16447
58018
44023
740210
735970
170842
56530
50502
41263
23537
12348
506934
498126
488507
282677
287572
295806
8918
99989
95476
91110
20929
44487
32689
30945
38559
14910
75582
38171
97002
19872
17589
68972
29839
132169
44973
41369
221341
194996
185438
211004
201459
159133
168523
9568
140777
10888
8869
39333
209088
198104
79428
75354
149488
430774
61078
39457
11967
58074
45340
33140
24979
69985
63003
31051
17342
34269
80117
59858
229873
148306
53911
104230
42973
57728
48689
51326
55377
48158
26072
189399
144846
37880
54001
60328
102115
73664
803760
546808
36073
355633
212271
190881
61216
173447
124303
430255
417321
337767
73909
148812
58718
88538
233026
71265
85382
94660
206272
171225
99404
282124
213346
182226
78973
100084
850145
676239
129559
280795
115639
60289
391269
107707
169385
389250
201365
127342
189801
74939
185480
351227
175504
100690
154451
183054
292550
285693
23689
451537
443169
394876
296592
27464
360359
443414
410035
408080
58845
53905
14116
376774
409480
60974
598597
531890
171270
334156
398650
219709
100023
266845
232441
29119
80362
454729
153497
115703
406705
66159
25646
87520
299611
43667
615656
271474
319769
205821
384968
162484
65808
56741
871483
665512
600046
52002
99627
231500
52099
495184
729196
715563
55191
118961
561969
533176
12601
12545
476276
185758
183351
54563
47290
137602
66514
273610
121205
256498
177691
39877
74818
27313
331039
131278
88663
48646
61203
150360
289531
274287
120915
55346
59984
189186
38174
125784
104497
49379
149942
112916
1090284
1085354
94387
644680
220710
159961
254721
194004
298169
100183
36733
62403
30791
74244
65920
130734
66664
27389
48934
34465
108417
181956
72207
116021
129670
75335
16910
9281
17993
92987
68972
72799
59262
72131
22358
48384
114728
91568
70751
107402
284216
182416
70177
35397
32243
11933
19112
10670
218723
287936
260487
199854
145456
14219
190420
404786
38936
199987
166631
31649
487980
373624
344252
341304
187653
310484
296576
147779
532344
529718
262464
233523
86622
23316
227986
169770
245541
172786
19240
137205
106687
603543
597010
117773
84216
51129
181932
191269
234559
227591
166870
63221
318564
329713
242672
266428
165192
106169
275504
183770
78506
81294
28062
20099
169261
157273
18186
112820
25271
91636
23612
21878
34919
14558
12276
59143
16009
61301
56015
84696
79704
81072
95884
296213
343006
73809
82267
75494
30383
27738
52797
9964
70942
40352
66389
34941
52125
84805
81122
79189
244767
182886
22417
76538
31843
54891
97859
782312
456259
101651
214604
388136
258715
166511
50279
192442
177036
264857
595932
347459
164617
35779
251025
242467
240068
214420
212316
178141
82102
264837
493142
496694
368334
198394
87628
174141
230206
635750
208988
241734
125484
71120
141617
83623
826440
88087
178613
58110
96897
316960
219103
119736
100842
137597
211911
627233
399301
16649
159258
382000
376090
232357
1113519
155107
137312
254747
134568
92780
89666
68120
33059
409700
122016
118697
143795
44066
83326
120140
85838
48166
567779
20365
18733
244087
29780
190091
178613
195460
217694
86023
39636
141865
123304
255254
209107
28199
196000
92415
103022
137838
613743
390630
432512
388388
176186
29379
95795
139605
34075
116498
174458
142574
163158
171507
181531
253612
71687
75284
273499
270852
268389
302225
74156
221544
197572
194478
37254
192148
217543
157552
155067
23886
11685
163575
14668
32404
167939
184277
195093
113073
154265
67649
262403
298369
270211
237524
108998
94429
261526
321312
69145
187019
23142
238880
31928
62289
63227
409321
59222
85330
213338
433166
100019
175151
127136
116791
114801
157059
109099
65967
201937
155079
125396
42469
92332
268995
260486
205797
33168
78817
78459
67388
36071
43591
27053
53867
485723
16343
426328
58316
58090
69634
32767
9495
1866735
23187223
128084
124960
43077
407380
12592
257663
375365
30839
72959
178114
104566
272851
49173
343299
335456
332154
293723
162417
112572
149975
125249
110682
46228
467195
408225
99684
24306
297723
211614
71640
229012
171870
58130
30514
35370
34722
16042
14323
37680
67383
71267
188713
60244
315865
161477
47328
74698
27510
24884
152757
155714
21694
166793
200852
21658
30640
218407
239458
151151
85144
126216
157296
96287
479134
197559
72673
151154
197776
58933
182976
178871
160297
67322
186870
201493
182229
51174
109641
200113
529793
571393
90031
104814
109005
99805
601941
191723
84131
331197
666475
311873
151281
45775
113226
37680
112765
16080
13393
457569
138496
315339
100876
193665
146494
254848
41690
80733
78104
44491
22914
81293
108738
106159
66945
81365
34703
190380
110444
94389
247383
79469
155050
232242
75491
68011
76910
79425
61694
40716
20797
20090
356751
47673
379968
291700
188110
53024
76740
367015
65925
325501
123072
322222
119633
90928
113945
145575
91912
206812
335315
166693
350745
13668
42690
132434
195319
56479
49852
20877
429090
91232
54303
203541
281778
352306
75727
57458
402957
48477
28913
284512
32529
75535
63922
14128
63857
175279
180148
56066
136365
133819
28945
175171
173204
160925
117778
73958
92519
80879
94533
378466
186957
149225
140963
108702
127766
82200
64034
114843
107660
173666
91331
70437
13344
70384
157076
472788
215176
477333
97005
92324
320425
322333
208452
210950
190606
159564
110135
125619
30989
89688
188257
132580
310796
121436
112535
181413
32191
101752
82727
66312
88709
117923
83347
110388
203682
137961
176507
99635
112336
106663
143251
113926
70918
119637
36754
114192
72407
53147
40897
14426
56332
64497
61746
60507
147701
135358
113537
73722
172261
77635
75495
62214
56819
26196
161962
120440
237384
286099
44700
32112
215746
168846
219078
193206
102631
107980
73758
1089158
122962
159630
18434
109631
116557
634141
128578
139790
124894
70882
50997
22595
112682
108094
430989
85275
417438
295361
34030
222596
380451
245374
201315
89262
48198
243741
169452
351902
340912
30933
255262
39850
241356
38430
44016
88098
65798
68426
63443
117430
29805
29732
24787
70133
13599
271210
53860
42119
23562
43983
37282
224404
312316
130586
133993
252801
222407
284247
285306
318223
233438
245392
365698
228021
39605
350057
88353
81384
288350
207558
21552
326792
284881
392949
475788
477802
233808
143539
111334
89295
51311
237524
187658
76583
101899
9895
104675
91235
251896
301495
235012
209179
462637
22467
108486
133046
98603
39464
70337
28422
198630
167322
76490
30612
53630
54959
75486
69831
662784
842699
721020
153057
104930
75699
77337
238294
77791
236333
130123
373754
24195
86311
124972
98052
83707
117542
120419
113881
100787
44232
143492
71765
56880
27241
48576
20586
71383
150711
148466
142279
41146
76910
197537
36636
33783
29307
78371
20760
27092
41102
146702
105036
48723
44679
47401
136087
67044
271398
95883
93110
221046
109932
136635
45537
63176
133218
140835
75124
90574
198463
86247
45408
42821
32402
225937
313380
164084
103759
152608
49374
111947
186102
203650
265298
152377
45561
1382271
350018
424722
295740
297981
356851
371730
98895
121542
289212
52492
138707
108565
300629
207345
109943
115715
103731
52900
11141
215817
197165
26201
188831
196937
166462
195002
72934
447027
445080
498778
714485
75103
218939
85705
47124
93424
84971
119023
48240
66423
25185
288520
185254
64105
88584
64240
24710
56592
54738
74277
43150
63911
144921
117201
121454
132935
190486
177403
186160
33497
184631
163859
81558
599480
9719
89115
43753
161532
90320
69529
213323
33528
197421
150813
59765
21592
80051
58363
102076
94565
81934
30784
40342
834689
67162
161383
90583
90640
131618
82567
15484
64461
21806
80835
45404
55187
53814
82488
79376
90740
38242
28823
16779
127202
35445
178575
25947
75703
77303
43870
24215
12650
38603
24864
37125
16581
19616
14885
362322
335178
31717
30914
38992
199790
230083
35418
287349
107914
746230
245358
242098
148238
53088
19371
50766
67871
286265
84513
212862
257316
214447
71505
73233
47242
106408
142589
27715
39354
83745
254302
248702
114015
123652
17000
102301
85885
104110
48803
58946
55939
95967
87162
248778
246393
26550
146044
105695
101512
120042
75067
45835
52672
23270
17557
48204
114580
151817
145929
95110
19489
20827
74344
70400
31804
24234
21737
71847
33124
167197
37508
11046
139273
291596
122987
285602
160161
87990
66158
67012
232146
173705
211168
111368
37563
203271
136434
88574
283665
115787
66458
78729
152661
93266
161411
106184
120674
362428
367978
227001
220430
134749
39528
43884
41699
178307
418789
23501
120276
64150
113438
68513
175421
91896
109073
26194
104994
56803
57113
170073
83073
37056
32895
28713
74947
12682
49236
131261
22553
21307
97757
72675
177670
276781
12338
49118
13072
78810
55404
88538
52410
54929
14099
201420
56647
197436
133835
119788
92107
9116
56166
33087
26596
176272
172304
50782
859472
862921
692066
51939
639517
587380
51827
99172
116244
112859
68351
82933
56338
18621
13780
21714
8976
62510
73570
24240
154139
91789
48840
34248
65902
80653
83102
204738
194708
30580
9672
101072
61050
42414
86662
93767
20000
94142
89153
153822
157549
97394
100336
184007
95479
66256
67447
84484
50503
31877
14355
19584
17211
120928
122378
103062
138534
100448
9917
89816
85725
99545
97815
101945
98917
23436
63181
83597
99946
12972
47074
36693
25693
15550
12960
108030
68610
31209
191286
212234
149446
168520
16208
17974
98681
58815
85554
103521
26292
47829
44639
28984
21565
68981
39270
44991
105250
48336
50925
44841
14943
233075
92544
8811
11361
15242
119405
206518
112444
199505
155051
67040
62756
72881
79799
63531
81934
77653
41450
241188
78726
149153
140550
59841
11042
128244
283671
125304
119700
134491
117060
97383
45027
62042
67767
53618
33530
28846
22914
21688
9425
28754
20299
69334
95293
24004
359170
294845
147726
75897
145998
64334
50755
19734
59076
104357
97221
86470
92933
151394
32820
164819
156726
243750
209100
190912
73990
216095
123013
61412
120406
616631
160325
137244
141676
17151
50532
134787
130265
99441
65479
113005
294032
129687
111057
106250
36838
112344
105898
90015
93107
99418
32495
13998
86788
293191
204775
148523
407543
170633
162470
138469
133999
157567
149067
200149
43781
263268
324550
186707
53404
71297
106418
107792
104053
69981
133308
111550
97309
70529
423875
21000
370293
49625
190880
60510
314009
96867
310530
88258
302194
173149
135733
463298
461288
458353
187915
575346
536706
317184
166566
97503
464211
462290
114162
29357
11951
124942
88862
77481
114028
49480
80305
26052
36105
73440
68286
70810
38311
33781
240465
25221
35329
17105
57850
87476
10393
29962
141598
90017
80840
89792
11515
32176
116619
19966
114618
72369
74972
67790
70319
158307
60932
26145
50748
39721
158075
24209
100200
191263
65852
272855
199084
188258
142896
44619
161196
150582
163237
64517
471270
106811
241999
70914
130971
15057
60864
107369
248157
210090
104999
22459
62791
25657
13925
36903
304025
305510
203286
23338
152249
57080
148531
101201
97324
78020
61132
229973
49733
43317
60856
47580
25281
84403
77070
20608
113485
62659
89380
96406
196619
54062
313637
165780
224399
98440
101960
333600
74374
61177
548817
301905
188897
201920
57482
264678
207989
53063
279862
81015
394547
391221
277818
188533
188212
24695
40288
199922
104568
533571
138482
46751
46336
202431
303156
93547
234323
301302
275477
288716
152895
94403
65906
158621
306509
59730
282315
146884
135369
199493
140289
311941
147428
86416
28149
60859
22829
124219
94949
50474
136031
104665
100664
34334
146044
29980
46176
58062
99583
39060
30019
20111
88729
76908
230269
124155
238502
231264
120195
118337
308556
94150
42049
26110
39782
93458
26747
119763
63253
52898
65898
36129
20821
18883
115770
77642
311430
153045
64463
123743
120905
192142
194788
44500
136942
134692
138790
120562
215165
12505
44848
38887
61019
59222
50691
51393
48990
42796
43848
48609
60440
10727
68856
111069
60466
105589
80565
22054
143044
101783
282597
106248
142794
148908
58494
39832
33489
91587
171550
165172
340821
219800
17180
317937
367618
203540
97436
54322
23804
95624
82162
39860
37761
90503
45848
67864
115113
141775
167645
160931
137943
21434
237843
14449
214506
50247
43052
11200
193321
102154
90826
12040
44288
38411
99748
230566
118892
90796
75996
14519
70128
57675
217584
65106
205782
115477
12035
9985
100115
92632
120336
78062
50290
61314
26359
82015
65812
13294
23696
134169
56659
69801
67850
93792
56964
84967
48991
27944
14618
12370
35976
30561
28404
39549
171021
104165
56002
35533
31309
27907
114452
146208
121609
87755
104498
144040
60119
49112
65522
39824
78675
67941
31849
27805
61571
133274
24967
36489
75999
12869
24002
68172
51498
81105
9287
34023
45413
49679
24513
14333
13591
91657
77993
32846
91225
87051
73024
53801
39076
14852
19123
76928
80091
69109
65647
34902
81950
45873
120245
60921
44748
47088
50566
57287
10864
40226
45624
32345
27683
22478
158023
149723
34927
118933
45741
51278
34827
9284
28664
65711
19125
67366
60424
47187
184364
110358
107187
206326
66425
92258
117730
85471
111254
26708
12654
47533
46252
23426
90169
83432
135193
145933
19248
112021
89263
46022
33289
13419
107130
11516
95564
270912
261386
84287
29986
75725
13857
22343
73207
49832
13903
139752
189023
45307
24116
66393
19801
62096
12542
94449
78445
82370
17452
28891
92403
54633
47495
41269
175848
16093
47936
101274
8620
217458
80449
51907
43882
67981
40549
64197
9661
45933
180750
110577
93207
245971
18180
79265
58531
86020
75865
318945
69298
221383
181573
24366
117199
33302
18506
14018
36537
163874
88733
114812
21344
271507
19947
266795
191053
127155
24752
310580
138643
292192
289337
451335
104948
90385
86146
887172
1177231
83311
55815
143725
526359
612918
142284
138289
82767
87865
239865
223990
192243
301476
74988
157454
35453
39993
79979
417452
153848
57750
93326
194397
19722
13644
56631
74332
139320
130487
76095
95929
55459
35108
91992
204987
181265
53402
29992
38150
14808
23671
19568
50064
692531
27047
186902
158807
239053
103588
24708
542255
546403
502933
499351
150411
455628
260797
338412
28269
481420
494915
436344
417731
462443
292031
290021
198145
192552
204752
144297
122427
281980
170128
284095
233367
235970
217099
232502
142717
100324
168077
149636
713994
31261
401074
630602
92362
98101
297855
435206
204145
55574
45562
86662
563297
476159
236069
512751
469835
292648
157612
55361
467988
355365
450511
353560
134966
66758
185204
136895
17266
256389
119731
335949
96131
53037
248621
199377
309993
203175
597603
181503
275904
153315
160612
291076
189910
237504
542106
290863
204931
494023
318045
168879
196580
278245
156181
39077
286632
219081
123099
115248
308383
288004
146244
160353
79605
107664
227508
215590
173476
157956
363513
294593
281013
154957
91841
56679
54554
342905
276272
63391
130738
158518
74860
72608
87059
9339
84937
48050
75982
107401
49042
601039
595409
88202
116815
91489
43968
80670
41738
283954
78368
71069
84524
49108
104354
186137
161547
163153
143247
37114
369526
135357
386061
17987
88924
218479
231829
152938
160463
130960
118001
127585
69319
28071
85691
64203
46974
252472
47608
99689
78690
101985
102402
93146
106849
417171
118721
374388
254415
140224
114227
61156
220345
143016
121063
123239
175164
149975
28923
60642
161283
147636
174011
101242
126592
18493
98997
121296
633175
484081
30283
68095
70324
65325
336743
375739
384622
40048
154687
58606
122991
76016
88987
437123
462854
876631
916830
297722
193622
211437
543392
459482
437921
446292
253588
232685
216884
100822
49993
22136
359558
116093
142810
76576
242112
156533
39663
116560
179431
189060
173903
59216
23455
413262
170194
22521
445689
419283
442402
288674
293139
33915
116341
125678
118774
67685
182609
165826
46280
178165
95712
59698
110580
213770
396411
388827
526327
497662
314364
511987
413421
182760
83708
167456
80812
152196
330005
934256
142962
160790
463829
137706
590195
79773
261170
459276
193562
144546
37093
271233
188215
43926
102740
336272
356581
46422
123846
119561
350295
38785
265020
187446
324664
35081
155901
126890
22877
271826
163564
39624
49677
127417
382242
317910
33185
366361
88113
107915
326526
293896
204028
79032
89098
130753
217824
150868
73076
149995
146861
55339
94554
59594
160263
119795
21897
89801
16203
127350
53304
100580
130491
314125
290440
103410
243519
293534
107862
107788
21187
140944
84732
184747
115140
84218
38262
60049
62052
36086
216373
49117
39300
364652
566028
457521
150977
9134
707732
71123
82706
205281
124574
76815
68862
177212
167314
83252
75160
13904
138992
123824
37392
33555
29324
25719
36240
127884
206545
165897
100508
102727
96242
61529
23524
31236
98124
91475
34124
73253
33187
68717
24141
22713
58429
71053
77205
63680
86219
342108
112936
106477
195557
188949
44013
65856
242525
17703
547822
404245
259065
27805
230891
219418
785346
677748
345738
590746
641553
506027
201885
141661
349347
295659
266617
111892
448628
269592
40163
180458
135187
220997
234691
75065
115860
627453
112711
80264
33523
217380
33306
91549
109914
208463
210099
100922
43436
153741
510137
159840
269257
254237
349789
345804
246158
343278
199668
648945
164918
184739
71175
101974
23935
104752
88915
42258
55312
50147
42997
39489
61565
208729
23248
178993
99444
130540
103767
193443
115614
196254
207250
163722
160335
210054
171110
129548
82394
86886
80293
112058
172840
63397
124229
55674
25315
142925
23330
184165
145946
143765
204593
42561
236489
165759
332068
264127
90769
164691
107738
55476
48460
69608
11356
105253
101902
31074
126405
125353
104705
204821
166741
58750
331235
73075
169455
171159
94395
169322
72050
82477
34072
182413
120018
117168
84692
51218
116850
74042
62270
178299
26891
65050
175819
187287
110973
109496
79817
247142
83843
174923
200771
149685
274393
68846
66408
60940
24876
235818
278119
92607
87601
48595
58121
274921
393341
389325
277809
273708
60823
97811
162265
22755
134720
110909
319374
45435
104823
101796
95529
426940
96911
423552
256309
242653
113319
80275
696132
82147
615337
613589
587207
134585
179593
10509
151842
66783
80853
116586
100732
123093
87865
108315
36719
27881
9475
72046
435946
81723
18787
36403
198764
851109
1895423
81601
405762
197616
175351
161548
13404
423430
68306
56946
182682
631909
197251
178030
204548
165718
179313
128628
91356
12880
225401
169132
103455
49242
58036
81398
109862
96507
76277
61999
128949
122556
228731
184765
24454
99488
120638
156249
41176
60834
103306
59483
227178
74473
195403
121935
121597
32235
140079
28222
53504
22614
47060
132889
501570
120451
77031
113745
20790
268524
310165
71658
111666
166545
112875
400733
120835
29793
110230
192095
99817
334181
298676
281618
345633
255737
305234
254082
39876
92543
180948
96549
331513
314342
55793
394809
320702
300684
113836
108394
94485
98318
273016
39926
344616
341725
36894
55443
23827
152903
148034
222800
227294
207076
39539
107018
202248
110022
137358
182020
431840
92991
129832
199285
260233
226598
631606
582656
154352
105585
253976
409918
517613
239179
169666
52105
119517
580614
124222
161736
118707
155268
200354
126929
121782
241686
80718
140543
151151
741607
734948
576853
140269
228953
76547
111662
148549
133267
187219
162175
98512
79527
50358
125537
1300719
205612
73924
214243
196267
100520
187205
461748
169330
63988
317969
167856
71590
141082
141236
69476
75383
266581
162168
35174
131650
66752
64707
67795
32396
18566
49724
195076
42454
136480
80753
32600
122753
142773
48263
18281
221320
81728
60812
335239
106675
286467
99605
97126
29964
112116
40702
61886
57934
468948
467527
78677
144296
101253
257029
164181
268630
238251
129365
234530
117710
147392
58802
401826
331379
371865
275073
308886
206281
153421
64982
229614
290394
177059
148860
422347
411035
126428
416324
410807
307678
300647
149604
149785
63167
252426
38472
113486
138082
23038
46296
249983
142954
107322
72486
55026
24151
226199
192173
170850
336494
56677
78494
253132
236582
152072
62437
131877
83072
58004
74341
69030
146813
342649
77426
475236
91407
30160
618401
215582
356436
150086
96720
61333
306249
172473
314522
140092
233900
171877
157204
118566
85098
160827
49086
65899
116582
123573
139842
114818
57584
442159
143247
83181
201682
197047
174287
179052
132672
141626
89234
86433
46587
106004
108258
14974
165694
123281
261195
50330
321189
216131
81252
216805
134257
180746
148273
140239
48886
101162
87076
136914
93811
158954
165146
76319
12872
64839
57965
121024
108393
359595
104241
243816
50398
48719
339074
251694
86129
82237
152537
61099
86478
95591
204683
42991
253624
216752
256255
209200
85965
143585
220459
137617
114536
59210
54573
478657
399263
99988
118441
212592
157722
348771
320474
358272
230489
407924
41788
15313
289496
242777
40089
816393
131616
129864
117869
61593
63384
406602
414192
39092
177668
121912
119518
311174
179500
234111
134962
150180
118462
636059
100889
58279
85896
397962
395187
206457
118260
378715
183978
106136
42926
77532
37938
38953
236341
209671
305950
168558
549275
123615
263764
197287
201187
172038
44280
75130
216244
241814
258577
138797
30385
359728
62951
1214550
678254
240220
235058
183920
61458
39976
166961
314135
224379
110574
251294
35570
31820
123330
75857
36449
62801
97495
76936
152893
103334
182826
160557
135554
125094
696472
225766
157697
150670
195648
73495
238836
256216
253492
598948
280229
326499
80596
114138
198744
232839
551494
45685
159891
160648
236078
380205
194977
189179
131439
53375
19587
606790
319548
309336
288215
117910
349950
125097
381123
187167
191475
317268
80150
59843
260750
39703
135176
123254
83376
294098
86801
134296
71674
74053
237716
117534
215358
79712
59247
114775
282296
276932
205463
227160
148943
130837
190405
221504
222847
172741
167606
399860
171559
84924
195123
48148
89909
169355
159303
9658
121117
132654
178817
296996
130726
84507
204634
207355
188354
110127
287251
247055
65316
388539
132882
154053
517009
212337
389583
87932
134967
196275
129555
172059
366891
214025
118431
273010
308150
197060
117566
490956
157452
677593
114219
156110
96398
437651
126939
235764
54390
68232
65718
30200
47965
31826
36686
249942
271975
393325
375821
382569
77619
71644
173567
158502
526203
568705
139192
238581
43983
175853
70727
66646
58751
63398
121481
143572
73349
62150
761596
180447
62802
364335
121017
318942
63981
59582
333771
108839
597570
553184
269488
163752
237416
232731
98258
73904
349437
82094
306341
324228
189202
175876
129432
328274
323935
273591
56189
94550
379731
69149
290284
87368
244314
539987
277965
140343
174836
671672
276531
286715
61387
198796
254536
1065636
227451
267555
250784
147464
96699
123227
100088
473284
423049
412655
149307
91978
68855
355604
389199
368383
110031
25662
134408
66041
171748
193619
122668
973739
135433
200217
128129
45733
20860
25484
21564
32030
161858
83851
84503
128062
147605
41256
176379
326922
239983
201978
349302
284901
334011
264826
218191
567999
1163223
134371
683132
680848
572199
572890
570858
372591
351848
140392
191978
154539
477228
568756
347754
473387
251005
382999
149160
672436
525103
449418
49925
51155
43126
676916
173980
139014
157504
235088
17397
200730
101760
96998
746156
739180
606850
246456
99812
521188
245448
140443
39518
413813
172672
148236
94363
447244
140745
64887
111963
108075
439760
330916
66735
216284
183641
183646
479459
58313
87416
42453
90205
73750
517875
282999
159476
139374
72751
193398
292726
270185
136959
202712
182797
65416
11896
477569
442968
256994
74264
115291
48223
409903
126490
457962
555566
190995
242571
84999
121055
595915
245632
206033
132179
148438
277872
264987
196545
433201
204001
423519
446901
390018
199154
185674
240978
125478
103735
101250
152431
203132
454311
325841
367681
103385
1338421
80819
418230
474118
69340
111858
114878
23664
36627
53801
136759
176244
100640
106109
38577
106197
284066
274769
89528
86112
268943
286902
324909
194668
137227
117311
91479
405639
178812
113446
82910
43012
32303
97197
56208
102847
60429
53886
89900
132570
56582
54320
181404
56865
76079
84073
71284
81866
111468
118356
108526
101474
112513
219090
171777
164698
158011
114313
181228
174858
142279
27186
268270
70700
151189
129454
396485
224060
88005
43899
43418
58024
167754
175086
170428
162767
198813
118507
139933
131849
96543
42910
103702
191644
141707
654965
646746
423550
146083
105312
123992
18200
194450
77428
48424
551502
286938
301043
380585
89969
84972
98308
87681
53500
49168
52251
182698
191592
160461
156864
124641
153029
121375
27551
88006
57166
274352
189180
77838
64788
101012
149298
94275
112881
66786
63166
38635
295549
204493
52687
81074
82976
1432055
108486
142687
172910
161905
163636
58190
133992
110123
104075
49503
410494
542764
333809
145881
192055
29529
465121
104408
23017
314381
560396
278071
68824
116789
84109
194299
188681
152677
46496
43745
129514
488528
220671
277385
128289
81511
235350
217360
219401
215309
48869
130617
96950
33705
115345
279139
37523
354628
266841
271482
92045
316364
493245
184946
142531
162149
40550
24909
18040
12080
51503
9631
88596
69972
32859
191299
34250
177521
21769
48339
141079
65614
85735
36237
452891
235905
190918
248383
129499
83557
100514
269716
87949
24089
117264
114628
352092
83473
255949
138101
157500
153632
492531
515284
427642
179513
34633
237031
712692
76392
106213
111820
214732
224507
290491
210879
31796
23276
471460
602662
19433
179233
31762
97184
165421
66972
27788
39902
61639
49128
43492
48868
153994
127557
154883
55114
169814
44984
42525
51775
35556
286515
28869
15343
61826
99190
81610
133253
18876
17958
17866
99120
81846
59031
94953
107543
72809
214714
153966
100458
67968
107751
101233
56901
132717
120198
191621
189147
153397
186309
188207
142708
120292
112613
28233
136293
143665
126821
132554
233654
314424
223329
167287
79412
69861
90773
48016
64848
215602
70598
51804
309658
304585
61263
70137
25006
293115
212476
149200
103226
100789
38757
74296
71026
113212
247267
66564
265529
312618
158115
235441
106667
507775
496028
311720
233657
61565
51167
48562
59042
177636
159009
125678
167845
513300
57997
229014
158444
156720
101434
145115
289609
93770
335787
140448
127974
181784
259654
120270
177018
539118
154752
231404
550351
362622
600240
121196
531884
44473
172944
72734
69227
378320
292928
195497
512305
335201
333765
286848
132217
192198
113522
86280
263351
244232
25339
67693
258982
106588
266732
225193
250231
602985
38106
447203
243263
439381
455720
94718
97869
137063
118149
236573
74416
135765
87539
76372
131774
68596
231103
215201
19799
204296
184642
45670
97767
368579
327439
347554
40420
173288
91327
278554
720422
689914
209823
147821
45849
42542
299131
106984
105301
102430
80029
177373
56316
122731
437802
73319
111387
388376
369384
402915
349820
30627
91653
82574
254985
395841
181798
310004
359014
184284
90684
85224
280197
254413
246415
71484
116918
297961
31296
125428
104451
80090
221106
125356
205704
86655
45226
72633
218739
238456
187212
93862
289893
21225
39989
85533
53133
246781
121759
64011
29151
101880
26298
109199
162770
32458
116699
80565
255092
31836
38246
98667
47536
624263
579450
577376
1415058
1412277
298356
206700
20094
486440
132360
117354
26585
575607
218423
214864
597828
884595
424826
417918
510951
378256
167067
172066
494967
222883
166107
141160
375720
263494
89042
282096
286036
257449
273815
249926
61609
159108
306446
129569
175393
472049
273596
85775
298064
131412
290526
450424
292822
282802
275746
409309
29687
15617
180403
184516
486251
175919
178820
184175
136272
15072
138694
114915
44657
460610
269320
147123
136196
95027
92570
196348
58672
305980
333618
694279
182685
214379
194570
205660
212227
116605
114991
108177
723023
165215
100492
116009
138496
256198
66441
259353
64930
105236
428684
59991
27025
164726
118110
212588
204111
195252
480819
66075
50952
135068
876270
60518
118517
55216
121833
112774
43659
160390
194402
153869
61222
136085
84579
51434
22840
101926
241305
393540
230812
759042
771042
527624
22461
215705
516939
527699
244184
103271
1086923
1045279
212399
1046594
821442
234079
221351
208651
104422
115114
109524
21844
433876
140917
135626
305613
184850
147420
106088
99359
81435
209320
174176
158375
162525
141134
147623
739641
34322
145539
59355
61874
40743
312605
408389
403263
271958
205827
61124
59080
275249
90362
76447
14192
25493
50714
23992
164081
162156
180472
92047
43472
26218
25898
48236
143992
46991
75996
729374
125993
111738
35115
58039
60327
194739
27816
249019
116026
282585
96860
109734
285484
194905
76792
357183
203262
262052
135824
16049
278740
651397
91879
348210
62635
57110
408861
330550
218572
80288
138205
131563
189059
197446
130686
173287
314960
257142
135183
180294
242143
309624
43159
291309
182963
66867
73683
73360
40030
78609
26786
31599
33882
29197
186703
46097
79082
104903
70048
23102
160640
185347
179718
57735
146377
892038
528894
503325
51786
173144
80186
45770
90977
86569
27030
58118
14389
68127
53935
45539
208217
292929
242766
104977
577394
400219
383746
384817
356599
225633
151504
16764
136399
128692
201558
82939
213773
212972
248167
50565
52129
29994
179371
151065
70418
148705
11882
210859
206227
163850
64621
175701
458742
387244
36146
112077
79127
72013
64707
48616
58447
39344
36012
80170
188538
78827
150159
154271
140052
169066
677049
667965
658186
30305
45628
131211
13082
78733
422355
285327
65846
238759
209583
120464
85042
460355
69279
231679
251966
237769
235391
208693
248928
350780
188477
142508
56370
53934
140060
394121
181897
178791
193177
35850
265975
170194
372065
286027
165095
97033
184538
187851
140299
54243
101386
346055
252768
243135
152411
145103
265895
30117
12584
41929
17247
22913
79840
165933
138729
14370
21155
133442
235524
83244
40332
162387
83240
13388
20435
163905
113683
220806
275447
218070
54646
158201
102075
72963
255904
174617
169612
173536
159376
71266
193551
83898
394487
514083
111017
101387
52725
91491
126261
131387
112156
148969
37553
197385
128932
251162
63616
56322
103200
108032
97321
119948
177747
182966
382358
75025
154305
151862
188571
442587
627534
54093
323025
230448
551889
62541
310118
136036
64660
537606
24788
302679
136025
110133
166062
69842
132642
126668
145233
157345
148624
213863
261969
216046
112315
433107
804199
754151
606463
146483
157942
294474
75728
217252
204486
26241
262042
213183
39332
77121
75658
212958
84113
344930
224610
132316
31457
61058
270817
198815
385374
392380
357104
111506
149712
96592
150876
1044780
145949
142295
386591
147045
179203
136481
95234
198783
192130
486702
290553
67364
106991
338859
258060
164574
173226
145433
139368
69777
379719
237324
312964
89624
405972
142737
69545
521973
312907
44576
232052
81639
258500
135084
85229
156792
281349
266641
138124
365739
363294
277384
120010
100425
191440
21897
86026
167382
306239
87975
57416
396791
281799
263059
111954
145654
91380
194771
869655
155715
157586
92282
247221
685553
286695
93253
464063
434853
116487
407216
373257
290454
98364
35743
221219
218042
298296
152722
130791
106755
60259
231260
276967
206641
69700
674758
602481
500979
582080
577944
312345
525633
212201
125892
99469
82987
2857243
65257
75741
18454
85232
61256
78901
978825
823776
614353
54631
89388
286720
162067
327716
239660
246535
243614
209037
195734
168991
146374
169741
124655
244546
131756
74725
48619
89494
76892
163757
45076
39662
19127
15101
69756
40459
12334
33362
119125
183594
18406
46901
29854
18877
58123
76397
107246
115117
8347
35744
42399
29937
8226
30453
378355
150212
115302
151307
23515
51322
17372
228312
225832
161532
414005
77024
238322
139556
255735
168409
250151
213855
82475
165180
162761
54581
326512
30252
138739
399765
346636
270634
316418
471396
203042
80381
431242
426017
144643
242496
196068
214849
201733
193228
589485
147439
387135
378881
143188
89953
62895
98330
40739
38428
62852
47082
143720
96624
109391
63354
43832
56447
20952
17760
26403
85736
141954
360400
72049
64239
92435
35716
55768
43161
68197
14694
157513
63629
80935
43084
149416
118081
101172
50472
28924
414827
139281
127018
140925
138423
261840
610045
164418
218175
11737
232979
541140
300641
210745
75914
228396
303159
225055
211147
38293
176966
23052
293429
323295
204072
890043
837547
325688
134076
128434
407348
503831
497535
728989
510662
174212
142642
144830
280689
199686
147598
445946
84748
129486
190062
30848
110925
58089
292318
9218
140485
709346
76479
72325
80546
71265
209311
230174
254914
39891
137010
79439
51368
243833
154444
249782
33538
660662
24614
314203
248256
220962
212295
143347
208810
63296
65145
208160
46790
182422
135848
248292
219046
165919
225542
332342
57084
167999
172142
102739
298475
123474
135873
180465
86484
74567
186160
32875
79005
52850
55711
248684
24263
250874
224666
102313
345353
267958
31622
117848
160153
94366
41298
42211
52500
78818
81251
118544
96567
189486
92476
56694
43887
78082
76135
258583
233216
133825
35898
82818
144857
186278
50393
134387
91731
174502
33766
45218
67493
75912
64555
16225
492469
485453
35092
471632
148283
84533
141647
56888
63822
52390
45690
213720
236027
128828
221577
156428
159145
92503
95972
180485
131966
74383
47423
57179
156254
147992
489584
473855
162712
95089
67493
41410
44302
53547
142771
79151
193425
211067
200948
272507
206618
326269
257120
325104
68259
156946
32521
113378
146025
139649
142009
135571
13961
80751
17108
21353
12135
160816
131248
123000
136791
446290
190995
236614
87189
139320
31869
67252
163301
9302
39109
447520
944628
402579
316624
161817
189183
207840
145115
118932
102774
228768
77388
239402
23727
142097
54597
190565
102608
285690
36828
74422
126482
65624
155666
21613
17659
164019
404514
293390
394717
457826
63053
212726
107831
278010
160141
167013
326398
82974
206692
122021
129250
38177
75055
34038
54273
117273
44902
51090
312484
142974
172706
235285
247096
141965
162764
219218
72505
23826
13888
166142
16280
120039
88738
70280
135104
112457
41995
10083
180463
98059
32077
33608
310509
36458
171801
76247
