12878
17679
17965
229852186
188591188
62848324
66165356
47665
181093352
31200
397608
412236
1259797
196833375
56207
49252
170061
9914
175442
555469
92614
1218538
207715920
86130
7986
376852
337780
256375
29588
70780
37966270
11396
174684703
76745
17682
65706
122662
21669
15230
21547
158771
81295
58800138
80753
121114
74135
157305
163099678
202096
164027594
45183
607950
400701
358898
308077
305241
66514
33996
220917857
84957345
181760
192668
55459
102117
86517
105130
223634652
25799
205548541
106956
13404
187754296
108649
177862
86420
54525
237735
23857
48749
39197
56560
31885
39277
73436
58755
214579
34551644
148440
13169
61830
46540
84332700
70194
68615
230508539
178427
10566068
25229
17357556
172752
68892
182678138
95804
177529
94108
447705
68568
156539743
139136
46481
36115
51508
37986
9882
86407
259134
25412378
543746
253558
132221729
54910
551702
122323
145032427
83724
155447852
114065
89122594
61063
58520
61830
109012
90711
9065
128487
71663
36610
42076
15893402
146956790
38448
146843
145311
39625
219768845
356620
169256
104575
41805693
293051
185501
125923649
215386655
69436
39130
19475
2713523
52411851
27399
25156
186265952
180162
168948
35596
90971
208487236
26048
44020
28983
28434
255749
198201
122949717
82080
86140
55466
211083
95107
31717
34207
186876263
17193
19857
171145
11831458
18948
8565
215202572
234141
188123391
61034
75008
167654891
196967121
131391
146831
157207069
107786
100391
386151
153586
275698
21450
140848186
108959
66482
69118
225248
69186
140978
32563
195301727
20439441
347184
34661
56431
209955
153618395
375569
158780994
171943
555265
79937
78751
13815
86232
264369
42846694
60076
44435
37054
200055
140677
195336778
135510
17677
51891
58596024
24905
21280591
124415590
45054
808856
140481
15379869
284716
61940
8547
12223
35253
80668
32487
3376319
113875
52003
204774700
60846
76030
88608
83104
20154
181866975
109697
148487614
116955
135079
33310297
206810037
8633
153033
151539896
162290
145541
182749
129830577
42115
26635
19930
103570563
195243543
118249169
77180
143443
99411
31920391
147833179
10087041
47558
57780
43175
15231
44201035
109830546
137207
123689203
42713461
68647101
25314
67280566
43323
19832
85790
70776
57675
34523
129541
140244
366292
108423
388570
32101
202684
164254
24014677
107499
119547
124159
124634
111538
68199
39413
77682
154903
150638602
320089
133552370
271968
127005
12409115
101050
309999
240087
108585
55933
365345
163781228
324035
40419
32526
166832693
544344
191629
125046805
62535
160672616
1243474
777217
974321
914023
3381794
145725823
72638
363523
11615714
157592474
263181
167671497
26779537
28374
162576
145793166
144328
255783
76669
17373
550894
39728
93370385
178198868
31143
216992
13886916
89000300
148211
195136
256831
26158796
33763
279284
198390
286743
2087229
72581
41225
83898
79589
200591
90382
324866
11147527
39717629
1217284
385314
287928
89868
7417867
136699
105047410
1542947
636555
290420
184990
84989
163669
137359947
80013
76864148
48393
272291
124437
213101
171851
37394
52470
125630802
140505
384825
481536
374258
139675
279831
79322
8804
128710
243038
92443176
110640
9455
414160
372063
90688
70034030
81750646
136414
40349
13940
635557
103335
19702
77217
87032021
281439
53846992
467054
12324
225806
124088050
1031234
412684
12630
128966
254744
308017
57946
107646
80295670
103371
60658
9950767
128509603
59289
50030
62845
18674
28446
147258
119793
150116
17085
88710429
87673450
183671
76489283
782288
367121
11732
85042
21981
367862
287845
76505
98929
47087
174816
330398
138884
13699
382875
197260
60956
79324
26751
1216359
73293838
39411
13582
32970797
163729
9760
16127
50388
30573
79857
27594
24027097
400451
73997759
249649
4220435
24421897
298869
1092435
204152
61935601
51977
17821
56743
19943
44445
63410
95698
515101
74806
73987
43896
10766
72620197
109146
45892
84352
10762
34699
107608
10968
49044
10194
97155
36679
13226
51816
150499
168633
187042
74540495
98844
240304
69294526
71085258
7943107
48561558
112886
31361
60948
17374
55138
408887
131759
71001
37560
157326
215683
320691
38516
19273
41994
36413
13708580
237174
439848
89176
48106
79595
38173003
280616
110203
72041
82380
237659
114526
1720275
65842
44344
8804
23221
82917
8438
79850
48466
26389
10592142
49923
52960
168860
192158
354890
40576
48938
77640
35578
6601588
88739
115996
127825
142356
127539
103938
14843
45061814
43140
52664
56067792
47311
51177602
14882
46895
160226
16182
17789
17126
22474
117775
302338
101889
111910
10150
544798
243602
1206458
21147
45943
27208
25830
21718
14606928
200422
17887346
81538
35553
35019711
109621
112620
136057
101267
55170
32272
91190
142122
147523
65946665
38478
25916
62861
23885
120173
267545
110677
24186
99852
40754760
116372
39717013
19544
149214
53406
52689
120778
72914059
27296
146163
30359
193540
181990
17160
81812
112922
23726
241445
48369258
229856
7370748
679502
215049
98831
51337375
38153147
1661086
12905941
60153064
253204
239666
202647
509261
60605416
142136
467330
47122204
221557
132439
23802
147517
247334
125403
6264141
11117
23409
1135280
31322
270138
535940
711077
35367491
55329902
236938
75259302
61849243
60740
13967
346791
107420
124976
68634
23457
13172121
60313
238777
38762
313762
52371
38048694
33660
132579
459452
676996
395290
267372
23058575
4731603
48462071
468790
311705
89332
95623
55726
4947895
201613
10136
231643
264506
37727
57054724
347782
310748
88768
22478
104948
70080
17425
331874
90342
231696
226944
84426
259683
142281
127940
51687
50106
22956
258489
211733
601810
32394
58472
339659
181234
50895585
53871552
616826
278195
268008
363305
493420
13078
503183
1474151
26893769
36696933
27505
53852191
596347
20911
166371
192516
10196
23666283
406319
28046
750640
31644099
24207464
7362345
11368
944146
347694
315430
24770158
229888
707113
795459
780117
341623
1269956
162621
300171
22184
72781
67246
35787
13453
11640
16268
12428
6803049
26002
24504
147060
89131
233115
149957
19638619
18729
123300
117810
110846
81521
120530
116070
136120
255305
68555
248531
80923
133530
87089
54353
149448
50846
173669
214500
332986
47468
227119
537350
251632
54614
45772
159548
98706
314521
104655
303724
14910
57718
196480
239941
139990
55136
114592
166280
87358
21104
62414
55817
47830
45695
29912
31029
152467
18651
12512
22112
169761
30922546
25464
127519
126510
51358
46458
17447
9146
10213
12358
304289
277666
247087
184749
173857
149998
16811911
101289
42650
20954
152380
24575
177064
94558
44876
63946
23880
199535
121381
46141
538571
151375
187112
35265310
58547
50941
114774
20043736
114405
93510
41551
96488
134375
365447
355994
191910
146789
188089
64203
79664
35719
545059
17773
405288
253113
223389
291845
152603
24028619
83036
49059
12655
28271
245897
150100
6874306
66489
47481
45643
323035
253586
296394
257516
35360
867572
410268
80006
39356
538803
233859
15240
29692017
5519054
1086522
1237476
8817150
607738
716394
479740
186841
52959
95186
14497
8542394
64087
526538
264256
549964
143954
247498
615591
53506
296952
42574
138903
52704
402752
11401
15923
11874
304677
21785
738484
341138
21114
381340
9307
2643982
208251
70799
24952
498877
180493
205679
116613
71563
133759
68022
33584
64161
133791
123419
11918
78604
465158
61115
191059
51281
588572
43861
68624
649211
646620
30456
174960
755106
277611
232951
46782
153515
119232
379254
274771
239818
64805
37555
174358
13951
161821
119318
610339
761393
120310
90266
29968
272954
12703
26561
96612
79437
111408
580307
605271
11368
86576
10527545
49109
84520
87020
68768
92902
157451
144076
41535
953157
109821
626987
11317277
126978
18734
7991322
53728
118553
19851
151947
767313
11927
316716
22324
17490
117612
18639
52439
108996
143208
955509
453310
111640
2163168
181302
50816
1339613
224489
105015
31952
63795
8965
8735
31305
14884
37066
457597
10944
358524
204491
48299
104669
51325
10109
309390
27770
24575
98944801
115399511
108056
92595
81978905
9145
174625
243569
290080
242925
157966
110540
48810
28617
748046
488692
230996
163132
95171244
13211709
113277083
129525
145854
1705309
10065401
95490
245082
204069
99822241
101420
810738
78983
31041110
24830
13031
292635
13833935
217382
214390
121125
806388
292999
105450
13309
40419773
281575
83803657
117218
218989
103064
115214542
10658841
94265744
18319
35559
281909
100852
16615668
898517
276533
902848
878539
875302
71946434
2084243
32279
324379
732572
11385
144994
60320
128238
608898
134686
129306
256647
24979
51371776
151650
94911
214148
58670
43476
79105
998024
995300
7894381
14457
78094405
729746
119165
400936
1881153
11893
509341
25131
106117
438004
301951
1006784
47695437
1999027
568883
42269
117419
151233
392193
93667729
71358024
134966
53457
136325
19288190
22797579
134586
620864
51990
23789
24039059
6437290
676424
871697
501170
728678
466287
13363
259314
234861
68890742
166287
185856
64414
22425
145823
199820
48421757
76291
15165299
83643180
51006707
27165
19291
177098
28430966
10732
108032
144848
66364
25843
32557
49117
27729
122343
119906
58437040
79792
8975
1346839
36175405
58162273
114155
99274
22639
9287
92190
1143637
70758
599369
530296
250223
143418
204992
51215
52692
80830
64997
45916
35312
61177
45687256
207384
176416
20200
347988
260919
249093
145155
188769
42001
91513
1002662
1204834
940796
705291
4520320
179010
421154
9747111
563055
5813362
63044
24579
60219
226689
225770
46968
15876
64648245
179221
49570
337740
537125
102447
108315
324331
200723
8852105
219000
19996508
20737
347516
202719
38433
203389
166236
624574
564143
264996
55152905
467187
4531185
12240884
108726
502947
40112
63338750
213825
18140
6665692
53150913
23381427
118159
31380
58440
61290
364498
71001
42175517
307160
312184
7825
549664
223513
169813
107925
86710
57900
58936066
74235
270242
31772
61581
271574
4475828
7914
127168
101900
15316
358735
393740
224747
20362064
55739
29296
317694
59436
266713
12735
214561
201778
90803
126671
3099697
366880
50709
124816
116044
57521
27869
60900
60006
31105
155786
41479
27165
28626088
86149
737629
599629
92774
186815
636443
235684
437318
14924
46387
53916
18661230
41567
16343107
38830
48009
610680
32888
9670
95514
116422
59407
15092
279462
217944
28381
15870
160421
1182135
12076415
108954
274230
39501
93381
380864
120961
60801
45068
12680
127770
119111
206089
122479
199492
16516
702815
538510
531790
44909753
463474
270395
147990
99821
151477
52217
346271
137688
166002
127042
131387
89646
31397
94609
111038
36297
614306
245960
200592
138695
83353
110539
103176
25560709
25109
27366104
53237
191577
168324
37384
188864
79513
2752210
108412
24582
402124
182844
119748
103395
24779
23254
14476
128178
304110
30905
45523
242156
94642
81358
39131
735884
637487
50392
29573
122210
113445
34191
74231
187484
109227
77896
27888
123751
58603
65438
77051
20780
26787
146042
159764
92648
8937
44737
7831
98236
75813
8184
17606
171540
88861
196676
779051
29901540
485767
40948
41637
126875
286977
172983
73041
11765
35546
38424
35160
44522
33510
86496
83137
10878
69383
166969
265528
106148
22539
98542
43653
9752
21057
91937
8592
81448
253851
58519
230608
74520
179260
149141
41349
33054
229553
232376
45681
249060
17426983
9458
92246
166501
82255
104511
125577
133754
174987
16412
11364
175875
263273
89021
172953
138231
97346
93492
35541
72745
33524
62109
289168
48092
6322491
213760
12967225
1320712
143968
67670
423794
193475
191940
230556
192630
51613
35597
10833
28158
32451
125702
20683
15767885
45643
258358
135986
54859
34644
405538
154054
135088
79380
658711
91129
216649
953290
562566
586859
488551
76901
730598
50870
106717
22617
12504
328327
9433676
569103
220336
39293
115212
81279
60736
36218
34580
96146
11301
15979
111647
251165
77961
35684
173035
403654
312743
2692919
574312
11044
10766
123188
39786
337556
32295
97227
99783
213130
68241
109603
181963
539227
103912
50974
880627
635471
312809
116146
84060
97251
427155
131200
32358
262371
139526
117588
7874
1684587
10498
164571
107777
414243
76523
56055
50203
181450
177232
66959
90002
143322
45821131
31041
14216
124634374
8971
26746
180961
125631
31466
69339394
112085
88042
221775
99428435
26304
69968073
33182
12602
179875
345114
113573
60965
120005
117040
17742941
232906
111697
95507
7921973
19467
122299
102076
768631
118450
286318
639565
125487
13165
3665744
106965
80358
16426148
13137632
17994
94893447
27787
34327296
62964980
80986
17049
66011
19288
344320
180037
550858
312558
22314
62297
24655
125789
29337
1721715
35980719
490951
144722
165812
99458
33987
47761
126165
103820
448587
445378
111898
140896
527656
11342
331078
107797
21914
16867
235363
122853
48569
14680
331805
761623
491757
251500
77808
42279
398438
202782
77172
67298
228516
226019
114540
114088654
115558926
8692
557597
51306875
481757
476619
294509
28240
129003
34638
39335
79671
82498
120360
96331
46334
52460240
21291046
761742
177296
294680
110508128
155997
68112367
104867118
72841084
66273
300305
105003
57397
108516
50520
90515010
151908
104511
98721388
379846
121289
96248
64323
27064188
32453
35196
78698
42388
15186589
486467
832377
458001
134166
344005
94510
180408
432196
48518
112064950
44268347
37851
219476
418875
59509
48685350
14239
872246
861796
253989
98573
4737559
165517
191369
1629914
242771
748371
49290
84056
940165
770770
141346
473995
3570346
125564
55394
63050
97135
54561424
85044737
443265
323572
50906604
54446
8111
62663006
27172
114925
80053
107509
54524
17619
203253
196976
193085
187829
187046
40552322
99734
307735
305793
290331
8905
311649
142514
23885
779894
108670
117100
112960
31335
180163
90744
163430
7731
64055
364576
16283
24558
2300127
90154
24012971
17750700
136141
16328
12354
153626
395554
163548
139043
377820
39560
37659
249057
9815
75070
150437
42632
15189
19388
100193
75472
236835
23703
50719279
45574918
256601
12937
12835
167090
127813
126029
56007
67160323
11420718
68515
160345
115280
113000
295874
113970
111600
130335
25845
184047
101093
71046
4832322
762025
15550831
30996
36518
37183
10180
51589
16777
35259
14449
12608
82983
47267
370198
31474086
608292
254872
124026
298824
356525
59270
214305
159581
68711748
48405202
29988
66786427
89810
160607
31854
37879
13294
37361
17146
12658
150306
20320
211877
209483
349267
91170
86145
25502
93032
133106
14112
48206
21314
13020
68579
40882
8626
24064919
255412
7178200
75825
24246
38984
9170
11468
22034
3843859
19712820
102132
37881
97086
57440
116050
102398
96390
25969
14792767
35454
48346
9276
9275
24404
134240
69105
125042
148175
77574
23946
49986
102346
69447
42601502
38093
50874
128708
36701
11110
79948
172846
58052
48581
232445
11755
28204
64637498
63751
45846
44953
46485
54002
96744
75702
118201
7828
16402
8271
37833
39837
200003
132419
137031
141532
47823
18894495
97280
41573283
380722
29899
25018167
99364
42316
11709
11097
13163
9613
84045
70292
317361
43722
137882
65683
183606
79278
167090
80056
107581
281660
257680
610447
168387
333486
62542
41026236
14515825
64778
31205
386938
77102
33127
15834
82548
160592
90069
70010
452722
410930
93212
24157
17221
104164
52522
44722
47013
48283
23415
314629
233118
43458613
43459
22449
341166
100459
95873
42961
22710
47160
51089
43258
27436
108149
348710
11401
108287
305194
27890
129302
36200
313324
237979
171319
119376
8501
80877
54131
22299
421291
64529
317211
178321
71296
52162452
712306
223531
269703
179384
46047
358106
42292947
187666
165270
422483
687721
139830
790096
623064
15454
29037
252189
25165
58301
457387
108903
44993
482188
92326
821750
74670
159437
13918
146687
283602
413756
308537
233586
2692655
145046
110785
635246
554000
8957
331184
186713
99879
13734228
120534
7490659
353636
224505
88163
273389
9336
58235
31051
23312
271100
53376
61259
146297
25914
261969
115734
244946
15580
207717
81282
116343
9046
66975
2782246
22178
1187647
140794
48027
64846
12628970
297955
8819214
128403
59537
178483
22562
45215
686656
234264
125052
123761
230358
122100
209553
60445
367346
30716
28441
26261
25967
52428
157606
139816
28489
32091
18295
60659
62568
441732
332553
21818
10024
200395
52727
121321
220669
116815
57624
190722
161758
110298
132140
138088
14298
26919
28940
53614
258309
183933
217972
149072
70908
467285
150373
269157
17445
23851
170195
13872
126073
664008
158743
145999
2298912
159708
161117
331651
79790
229889
222830
96827
423635
1128266
357639
212418
35961
22241526
24825431
110875
108805
96641
89820
175965
237998
62593
59352
141682
92745
122017
490474
184709
21568
30622403
99687
125361487
230815
73413
149024
1394297
61664
141269
280544
73528
312278
118294975
2718397
8374201
64516568
147290
71525999
673425
38199
80772
40295
18428
35186
129470
30942
45467419
143720
49592
160741
26201
30871
26868
20490
9550
24032
167505
42218401
33593
30686
13380
18167
140804
139773
127482
18401
62477
31593528
71348
75931
505349
107802111
392051
240874
67700871
47462082
6412230
116716
2987766
61520960
181108
120314
110469895
518273
438208
342975
32437
163630
196549
142284
426465
42832648
455695
42391
45567535
297966
92167
59474
36607681
8122
21264
82059
89355
59743
103130
33014
46665
10263
69418
50924855
11896919
222639
98399
883222
52858081
484041
41907
65613677
52930
264506
423930
141043
46885
149071
109674537
33384030
225114
67863
334147
117380
248109
94811
37711892
334077
53939
321139
70030341
272134
269299
22090583
1052326
588576
477370
286958
12065
41004
175131
98375228
956978
136278
114487
365655
12052
170866
39179
90945662
223260
154788
385597
9242
7756
637877
358958
40447906
96548
38742
98628
13609
3965818
340301
36701360
39002160
314946
279324
399929
2099863
139070
452533
291784
40516
268311
127782
109751
4771388
50679
56002096
235908
62319
22889667
22670401
766649
40085
52184
117116
95713515
63646220
44809248
277322
629718
12641
244260
305317
18445
231563
50296812
85100833
62330067
543027
15365389
18537
169527
1070985
57372
51420402
60849
93497
2952701
11784
253178
174211
330343
1094959
436745
82652
655710
77862132
36138913
173808
9449
94027
44972
18849
78707059
949109
27855
660125
6850502
183385
488313
85331569
342965
19453
344711
655773
325558
29247752
15893
20884
56660
46738
19710
24568
49099
69965450
201934
25449
77431
18219
98245
22635
21586
17628
11701
18138
36776
59403
34166
171081
28139
31086
10637
8710
30045
22449501
39109
67849966
221954
182593
248879
24960
3756432
196169
11054
145105
27102
11340
70652
56234
8687
136302
28518
14605039
26717
135133
79985273
70624622
12089
24435119
49958079
144431
40525
12634
282794
71244
586617
64003582
202437
525244
14693
304475
47376
399262
169071
398987
389073
158460
136259
54847
101170
29393
213647
38725
183984
69710
20313
12860
169200
57811
43667
43720
26859
8356
59683
25641
105477
73970
24653
65289
44888
552347
543057
492724
189294
154478
490202
51427
143215
64353
14242
85259
72832
31051
18398
9070
31681
20282
21655
19859
11077
37984
82376
132076
12853
94434
54797
27749
52544262
87218
50166
8407
15960
67700926
104497
14705
109920
145372
85404
53198
42857
69194
43685
10980
98868
36356803
53361790
370275
56248
433379
6827276
77206
35106
14314
195152
53697
10139
54530
14352
30847
14054
32552
98421
31894
28871
96500
15270
42495
65539092
11988
160369
17804
130271
52128
66610
62743
49672
237953
169640
25291
11567
42517
249592
23088
192391
120788
38112257
62132
142574
39713
158764
49689
178695
44388
52557
9421
145812
66714
124178
21174
51081
1247560
28847
166671
1469155
275968
162226
78508
269731
266074
381704
19148296
410596
566153
12966
44303370
246355
35680982
793837
359997
557664
380979
61014757
64059
151114
90504
28646
172108
144066
28678814
43560755
58656
59711163
501205
6063616
29041483
183013
328500
390144
325146
257986
42111
167941
36077
50144
25473369
861921
51277937
317113
40703
113899
14080
30798839
333418
112287
83622
3151606
265791
114461
679151
164645
295142
37150374
255320
130760
30148567
94017
105942
548199
506183
407591
413267
263269
262571
145371
198645
161704
189811
102898
82689
34544884
195212
1172773
1198584
403234
11086
61672
135332
714530
88424
69077
48064003
358773
12083
35621171
33718
158335
152889
78442
9900920
45427
16897
141097
30965
2029378
2040023
478330
439831
51121
49583
11772
8662
410258
407964
130551
353849
758330
4425290
423728
63807
38007
75822
24938304
157603
371286
35891974
62558
16323
629968
299439
12874
8484
13433
116136
26472392
41111
4182179
902086
97222
33484
22668
83916
44715
218435
453339
25058922
170268
99409
162924
16070
23610
347476
21090
13058
499132
194712
1115483
75268
144275
47090
388596
218796
162826
27194
61941
46419
180573
675543
671467
178516
150509
360559
8481
56976
539721
484569
177733
12541
78251
149725
515323
10693
495047
478332
78546
202763
214039
27293
275539
239667
527425
49899
26688
103832
48512
15708
218313
94340
121806
81022
35099
12991096
12634066
124205
254645
23973
121810
40615
152062
33227
453428
39474
81668
31884
183422
93290
26596
96143
237778
87360
100954
56907
38387
891514
19196
218220
9821
213393
12334
143573
65338
110092
22587
190737
265243
256114
647426
495580
656462
462233
735225
1284377
498817
713927
230334
710766
94808
521495
150486
126716
5550071
110608
129607
10306581
12113
694544
624457
602089
613770
130205
128655
100243
158089
17807
27224
217517
185593
132037
104709
85734
48815
105051
75407
292597
97269
110346
57360
333667
425680
88241
21404
91496
165627
58886
25712
168657
387008
9332
101900
22188
11853
10009
49068
75535
136533
11459
25879
22059
114431
72217
86496
86171
7908
79059
230751
730370
381486
248399
198661
179304
123441
78924
8037
14962
7928
22758
17326
12505
595999
423049
286578
57173
165398
129119
64739
279447
109116
31121
32961
36702
9753
504363
216436
153140
160663
81937
218976
59993464
40445
164975
22249526
18989
43972
108872
77127
51785
407280
447604
337128
219913
13118
622273
293395
270477
236025
13822790
64946
185378
27511
139163
63662
325312
65909448
180854
10865321
145697
8611
103285
211806
998113
613607
59591540
224262
95952
718684
702058
68950
7546143
562881
139791
515532
8757
263769
265545
105215
201490
33787
50940174
103752
36530
154308
162200
37915468
132793
82770
26474
97678
99846
63935
357666
352981
17337
29779
191954
42159
126490
127647
79700
40124
358784
34450
162791
12449
22050
41227
304408
41778911
899787
564339
176866
30796
183122
777228
22493
158582
631714
9542556
910565
867631
15190271
239244
104435
42811
33552
5221976
223898
122077
70605
188437
19471
13244527
89365
97549
613690
192075
24186
251971
414403
63013
254001
45412
415090
925098
162785
387066
16999
316910
185458
177623
233549
190128
225711
70539
318836
97834
46364
83175
22336811
23388
10243
41658
159876
16557
18058
27895
30239
147983
73958729
8909
37427
13908
11136
59076748
13480
155375
82799
167199
100165
315165
19443
40609
28245
57418
50758
12876
8447
29454
26447
32120
18651
96691
33232
12027
140742
50381
24569
340746
53671099
18111
26586
24946
123432
99379
78444
65998
37922
689727
236530
12298
45133898
1460453
468577
894661
207857
21359749
543511
179477
747595
305171
111641
258408
44051
1204531
317259
306270
11691280
1298490
18128858
281396
207342
15244
274038
243544
534708
154595
55623
47425
293894
370195
194431
344201
56873
462726
158680
294175
293631
145852
194786
114200
596364
20369720
51574268
26506283
1295270
28029962
202260
53069214
197293
29587071
58462
32530617
10619
145440
125056
144125
13176829
156898
497952
406319
98396
123251
4327798
128121
17678
21302
112079
26255
915907
124065
303508
44638
153157
240107
84117
118901
88432
179414
87723
70075
21416
79495
88616
44273
58030
8492339
767265
34321045
103964
761037
406728
522682
195842
110025
384694
67633
138795
518880
234072
9566
37811660
26283
118448
51961
19663
371233
59393
660680
571106
9645920
169185
171389
8669
140622
472893
5319595
88304
93577
35551
1097492
244533
381366
153211
44920
39552232
112280
194260
165373
117086
70075
90411
51096
74046
12783854
109487
161007
17593
133947
736237
128919
166852
58312
308133
730235
193345
99324
121608
812004
940905
50411
9638
211183
195617
104441
103030
40648
5694597
48035
37092
120603
12754
191533
26632
181949
21272172
164767
217325
334101
128087
80973
430200
245390
360157
13025660
268704
13081678
404585
146849
18733
96982
47901
62657
144414
94599
65964
129458
107559
70865
40049
65090
251935
10538
12195
24635809
12288
138435
117460
168970
174702
35922
309777
30237
70744
342497
187730
18346712
285380
129979
44538
12661
157188
109905
39697
47830
38807
142492
74776
26412
60743
162220
148484
16633
162365
401912
27181
38060
598047
150683
24285566
11793
257120
215559
460844
4441400
2002335
150742
370783
110944
873955
737686
395299
62149
9639
200018
208799
52416
86463
165974
25921
385333
5222510
1146412
140061
52809
134830
84124
280932
135943
247370
194947
82115
25532
718880
710025
333167
1200586
15128
9946
74998
195520
165144
384892
862654
38389
196848
180697
168570
5657077
21379
142730
5799765
268350
9331
1127869
143528
22709
86670
38325
108939
77444
46345
110674
193204
22701
47515
38082
13555
32904
73385
237313
213023
379861
393038
54019
252854
19848
135706
50114
23564
299466
69279
16062
36172
217282
27541
13107
106961
16929
23524
61304
17397
11601
92508
21415
29410
132430
9228
50126
57268
36350
63494
72401
152319
35845
110923
54551
90485
191592
78739
31252
161955
50135
41918
15969
8232
38271
427417
30071
50904164
71631
68061284
23139138
74409066
384540
23415
117557
54150
68502
27613
13957
153604
337518
38452859
189180
179637
150763
112836
109381
60779
27675428
32104084
33019684
296541
90785
194640
39840
49826
444849
436886
45644911
239540
197521
67402727
38162551
213356
38557127
38345261
152032
506242
40057
418657
282787
46421078
243306
225748
1049055
36409
762140
49892464
145105
56012
14880
8602
16218
215167
26402
22576
84365
27725805
15036076
53747
32649261
18866
191725
179977
141661
15678
24158
7901
240031
62908
94053
58179
183334
64404
75503
241254
539850
186332
141655
170042
161416
285826
112394
461852
31377
248464
45845723
173325
94204
96045
128668
122972
236440
49073
140445
46535
18884
24722
28702
19802
344027
36072
22170196
22121047
519552
13325330
114206
34092559
19000
26218
128007
15439
51514
70390
15090
46732
251825
34588
12228
371580
613809
20785594
3311279
92048
289593
120930
168365
219243
22982
31320
22361
151176
24716387
149790
95804
49624
53622
94731
17986926
10956
338449
317072
521886
910153
531688
489423
4263017
180364
180241
11689862
395717
354490
237816
16294
317021
165412
15662828
34023
79770
35714
157231
61629
53263
11473
23658304
33726
11328
200780
107702
180321
14819
52497
270913
196468
13078
39418
1672596
192764
351503
66744
63034
65511
48793
205519
188220
191740
72000
312230
79546
35842951
29352
132664
30301
18450
313508
64540
219834
217798
155212
155876
122014
227090
17040
135345
37439
104322
5882197
320433
19893251
10517
21119
14595
85516
83113
196008
78801
75582
15500
5698939
64230
50508
260882
6923291
45201
9887
555524
96513
285853
248847
300079
66446
243778
70914
69192
145078
143926
64196
43873
25998
12070
30884
45279
37187
23346715
102268
29210
22854452
382149
374469
16839581
294667
51479
20954
136454
43107
20924172
22082026
16894152
167685
407055
233137
21001
24738
20662
40746
60595
243253
139611
87225
48548
186294
21363
249877
28188
339015
295385
304083
197420
168329
287066
21156634
455212
469278
447554
476442
276393
15389
144248
36492
33609
67115
192888
68321
10861
58696
107805
16722
43238
23592935
152272
139290
23035
11890
46407
3569718
34841
19435
84765
25664
8500
11058
12955428
44553
676034
100636
49730
94622
46587
472425
389241
12910182
90069
15858
16967
25851
827404
236206
53590
17821
64658
17789
109282
244871
62279
10032
112175
71842
97474
65481
513222
468803
253548
124861
36916
484559
156743
135052
8592
129603
16153751
139442
5074562
469489
59426
80463
57991
63605
13407
116107
63656
189254
175615
19650
52224
108359
39893
37649
759440
557920
134375
14164
205657
175696
16019
119161
44546
58972
174307
44155
369789
152976
115047
39808
172641
117313
117672
32951
77951
42386
113974
8547
13313
346947
124088
120180
115098
75904
102099
52011
8572
56108
143838
150042
64408
42863
53583
26692
188674
181110
165122
209734
142004
25108
103630
233903
192235
87484
401027
27905
67272
14184
315236
19408
86069
191591
779034
87656
146749
134484
128417
12326
34458
157769
221764
233126
117103
9733
17951
1293145
1032037
380593
370079
265729
878513
428729
115351
203920
10308
55534
21707
101613
25797
8403
266189
110235
103992
456982
32552
81749
51135
421572
8154
242712
334791
174648
151334
25264
9568
63417
133775
47643
69880
493480
78025
19982576
72801403
27966
9038
116593
69980
19969
136930
12171
27509
126479
160449
262582
32916745
147106
37679
25761
21454
23036
15521
20427
15589
20953685
71264244
113647
70666
75184
19155
9225
30919
29051
26446
36590
69965660
23055912
1488585
13502
55334
25065
103613
229698
98149
922778
208092
8568
392710
291715
11435
18344402
30571
72408037
254287
119275
95930
176255
761279
557742
104699
148321
10999
42474123
163569
11983
74358
40508
39789074
102797
391919
102859
84510
21773
21248
90783
416090
35894
65020834
33913875
50015
95805
113102
66456416
123930
59547
378431
127264
181270
89697
24991895
106436
89793
112577
9049
536995
247123
39897
428295
95647
73828
283413
11035
1270941
2940474
302197
55629997
65208
71665
37258
29620
339985
9786
140169
25142
14131
17815
44971982
166861
15217
96523
148177
29277
42596
39179
18196
8944
23791475
33579
11802984
164251
90007
1217118
614661
37163
39067
390986
23662479
2042918
67070
33022
134696
952472
670112
830820
47821
174893
118734
246321
26613
30141
139885
8572
48510
16306
90156
17885
81148
119434
16010
97080
144663
73090
54403
33547
67878
94968
94347
76479
24362
39763
363908
44694
19870
65499
37112
8180886
54544
34259
139379
13383314
18859387
201998
36062
29436
190707
13920
47870
18164
89648
116847
67401
391782
16811
40089
12570
100334
14287
79835
14417
56958
8282
236320
145121
87023
88623
22271
63606
209607
30582
50523
202243
80344
118127
47900
51198
99490
68725
93248
124710
8606
29890
25035
3000079
65063
147519
28712
51882
15438
131150
168983
78271
115677
11844991
849949
764524
892462
365265
201655
170398
61986
492272
182808
179384
41658
24857
519559
20689
15472
11543
171829
90468
166453
36112
29788
34527
297864
137161
219695
107737
3186998
49555
161244
103997
130758
182107
187896
29696
188957
125048
240750
50700
222337
76450
130209
53537
251439
473006
135860
185616
1106033
30593
66850
70099
154510
180504
115457
49332
91012
44744
116194
44658
290958
225270
93926
92475
28715
16265
50607
50738
97947
556253
221793
70024204
19244
290007
584114
75654466
281138
132714
204074
53836
40622794
131156
209635
23006
54701282
31000
239354
17285
13131
18104
150242
9207
114617
68021
14355
136347
93719
8741
14236
149659
37537
50542
26343
79214
41866
101661
168626
162612
26835987
44964
126274
61525
85897
63552
67877
39991
22756
88922
144679
39688500
41968
59195
11984
157470
116718
17114
25138
19794
58515240
23509888
59113
691945
484868
32298353
109704
44921917
34222
70797
111059
92349
93859
17186
12962092
86504
113062
12377
56832
16580
53372
156883
205030
60279
79336
9426
34671
115901
73712
70859450
84306
40064
77299
245430
154326
311436
38509667
35441
69657
74595
57387
87339
43594
52772586
27942
74517848
34475
81912
18275
77228
47123
33949
402430
26569
46069
212852
39247
141360
775238
14543
530330
523807
176543
61728823
191453
194339
15360
153364
160258
100472
689854
259746
21247594
289051
30269
285634
24839
198582
90834
2020797
49989902
409706
20104452
10025
672827
27992
39349
24300
157366
39041101
75146
125944
52201
28703
194101
102635
26288969
215558
120529
629847
53090054
127882
82113
150359
21144
40295
18925
173345
29703
152394
111930
48296
46242
9126
24737761
399639
113988
204707
48333
126928
47824
77481
138106
105317
36573715
19294
69344
140660
10830
16030582
58077681
52144925
366589
111918
354633
268811
49627
46456
144281
140771
40072
11294012
30559
153386
19501421
19899495
46802515
119669
51160
31854
20718264
226791
13705
85205
45315
30267
227631
24966
145488
95108
66140
6037164
165931
56191
167759
16760
130078
89761
68988
186639
136889
99521
20424168
371412
41026478
27598
7803948
78697
38066191
8610
131806
64226
8178761
17841
95520
93078
22199398
214608
43283486
90482
166741
158695
576947
35142
120049
369313
8763
187248
16669
201748
24729213
27901710
8792448
20704
450235
53611
21420228
92621
11133076
43016
52617
85976
168000
39071777
35669
43646
68367
27363
21500364
56266
53507
31869
74527
244048
239579
47682
21930
83350
61105
52769
15802
51487
119691
65934
11213
315234
3032077
18498
10972
352126
31819903
5661955
124356
26477
23278
15240
14409
250332
226612
19382
67901
57254
84017
17014
17876198
56344
29596
22961
99063
9782
61912
15876
10532
13431
171084
28402
25088
109985
34782
73220
36277
16238
8298
1047184
518661
791541
348572
333272
62009
97041
70919
32670
10749
20368
16834
46812
13083
34017
9873
40635
15317
10411957
93414
82147
85205
97207
76721
77706
17610
106795
94785
9334
70543
37576604
34444280
57800
52068
93135
60927
96374
184543
37598
21920
18423
96377
88113
24612
85290
103158
99029
92292
58018
45968
13676
45128
33969
126869
27556
40512
11529
13624
64606
26367
23908
141629
55895
11638
25929779
102274
14356
22503
32631
89584
91206
101527
79664
68857
54368
105710
104012
143151
18124
176489
41940
211902
57181
71670
116613
8733
76897
49996
36787
26327
14562
59005
11224
28316
16494
119631
101372
54321
55083
14134
26242128
78954
81555
188352
166145
20455
41727
33997
50641
21029560
20813
5911851
19996548
34479
10155
2277958
121366
24570006
2928914
91488
77569
13503
36451
42605
16385392
62484
21101
59148
465008
182042
386748
17991
358779
72477
134516
28060
286028
16249
22789
10752
20140
33149
18722
9563
126840
205026
16229817
9942
76699
422782
77255
70573
70296
36570
62815
76163
57180
36088
32308
33148
28706
30395
77078
52795
160246
51965
9766667
140293
46475
137901
75786
128972
143113
117606
94977
33242
42083
35577
20683
33079
63336
22417
180493
8470
7912319
78949
12293
17789
20501
35112
216314
68363
64500
146604
73334
40487
8320
46191
42902
55763
132781
217940
34121
57073
19833996
261319
165667
38815
89811
735089
168088
163047
17354
8011
2226465
27335983
718464
357385
27447505
19613
12225
168023
34097
390722
61952
36405
159590
46805
652702
130034
149554
16869
8584
482161
147758
24359
86759
124213
73489
31460
8953
53388
45216
20154529
4696058
13434
93842
14819
43812
140976
116028
269878
123340
248787
292531
124771
10433
247547
725893
17268712
106440
98172
91434
52036
24177
386023
56187
17065
23756
39167
26312
75533
281521
688603
580124
356487
398140
8059
72818
10324
132723
272337
267821
251214
21083
87191
701719
213246
127667
92451
75593
70817
3014366
271207
227551
138037
175701
8691
137641
97169
31793
102086
34723
148520
9145
107308
10639
8428
84744
229219
40370
236514
75814
709783
609037
75343
514760
277224
320923
42179
17621
228354
249583
93339
100904
558027
75232
107909
20594
22648
447281
26704
133158
84587
49579
13527
18825
200275
132069
193679
125111
112146
1500332
190951
59295
186835
98013
128508
42926
1029479
532572
559369
1019935
81563
95147
318242
9997
496060
153700
76596
31883
5744455
158957
155957
9481615
475494
230995
56326
178394
110949
64661
28005
8029
48149
195108
131344
86677
158207
81168
82019
74499
125169
32491
120239
166210
19558
72767
76790
17907
18204
15258
41190
43468
19433
45774
33472
98235
4606369
41591
51614
148682
12484
16680
101501
76771
74108
41365
68308
65557
10811
41031
308888
177787
176400
94611
82420
174907
106204
810983
60435
39102
17377
122721
58232
53650
57388
8968
64318
10235
57032
50908
53982
30439
57720
512668
99669
8107
165724
91583
56203
17017
636803
34967
64982
9660
24635
36988
77056
184022
87517
59783
26168
373651
18248
17058
39711
345865
249505
219545
247944
35922
180213
76351
92784
43089
151871
543911
47410
8833
405915
71372
110593
25530
16256
40154
96092
188764
21036
8598
84261
82336
66169
43289
22940
13257
35918
41188
10078
131277
151813
43840
226134
45964
24685
178183
43845
49596
56031
23190
33533
106956
2913795
59161
168032
130911
82172
166383
28344
146497
343004
1258980
87113
47929
63385
86084
60199
514196
29736
139518
10869
283194
28334
236890
161790
52083
12535745
72296
242286
254239
123241
128048
341068
32751
82019
117741
226630
128075
245328
126378
73754
19620898
34109927
48373834
16173741
140304
78444
46405
259533
36103
10936215
124784
121017
617283
123946
71625
89890
215495
78460
114845
20230
93208
214478
124020
163202
17384
20454
11899240
250309
90872
434706
314314
129495
201795
269001
13283010
48437
208437
45024
49817
210443
8480
46354
106421
186812
112222
103200
1442934
138114
38684
62679
366311
275759
277178
517386
253494
15442
53842
162374
72241
58649
39937
52270
267279
54750
40265
638491
58999
66381
364390
126258
150608
259254
74674
96817
100857
229464
243330
304643
138853
416629
24087
159673
66279
15535
46399
3112762
95640
96937
1442485
773728
261579
142718
123248
76230
59431
76445
95794
113779
309324
67373
280822
20322
145297
44000
162635
12120
149835
131995
103476
41313564
38212
79900
78516
16992225
16380
38954
30962
34463
10292
82524
38925
21146
36383
48174
22722
116708
361937
7780
45469
49304
513732
39602
42813
32780
1103638
113324
39552
73078
18707
18575
222073
72430
12960
75132
77451
58295
48873
57175
33663564
73200
72969
63005
217755
157488
33828
34049956
28217
21529
85508
86741
215528
1472531
227875
133527
346423
114603
126188
117804
191738
32343374
58097
15562
92929
23025
93094
56083
78584
659869
28938023
129965
9462594
148377
21399
129936
131527
16766
44623250
3634680
21263
103414
118845
60636
152713
81129
45830
22045
10470
8610
18378
11265
64442
181076
26972
22918349
20171978
49457
150919
284648
216233
1465394
31246
30408
192987
155022
41850
464179
45555
28764
626556
411646
39001
170286
525158
127725
47342
14307
12677
202800
18570
25217
36865
53869
321950
42701
102509
40685
8744
71316
12655
49705
83556
60939
59808
36281
38684
49703
58365
21418699
166576
91607
46176
45301
196563
78876
123604
149131
14183800
568434
116102
14084767
8491987
3218943
82895
243734
35813
236272
29587
603756
25232031
23682106
13677
1529910
15550
85829
248054
36737
5456353
55380
759643
265397
134079
63355
54262
12944
262770
76276
536640
66898
168700
57536
342969
319056
336924
570994
3624119
33795
6775397
170036
10834608
11383722
112613
2156783
91096
72559
82505
38302
39829
10412
31924
80032
103778
30736
103825
10123
55843
28673
30630
197311
260660
89434
141934
8827815
8682
148617
57188
130880
12117
47297
41156
15393
48010
2247948
97586
514787
408571
451701
122225
88027
21365
31587
109118
61966
78597
6675901
99713
89289
21853
278787
10341
63640
71490
68329
108889
55873
12872
21590
66060
25612
43411
76751
57419
125302
8998
292678
64158
80102
30357
135311
25731
101560
52239
64652
74728
47937
10343
67987
31493
17779
8212
15800
13718
10423
311832
135637
143990
87418
39232
9568
48127
31804
60418
62962
149542
51073
262155
28624
26499
122675
124567
65536
92437
26766
188688
148939
44635
204428
12477
14846
8580
92333
13332
84621
47355
40634
7802710
29710
10759
330308
79007
254654
135912
163164
111823
45072
46243
52681
48847
15809
53825
11110
29004
30328
12336
90866
12452
58897
121692
9603
48115
130137
37819
64153
20263
88922
71070
80573
56084
96637
15990
39583
34676
26985
268444
3288272
71514
53825
256416
31400
49183
48207
29124
83763
30199
74592
62106
46023
22696
109235
86477
55593
74275
79707
28060
21016
53991
72145
58773
57037
89959
16149
50566
37372
74817
24478
68682
211029
34207
95993
89033
146321
37061
12746
192014
176875
43231
118601
120242
13738
12202
11114
3888952
114774
24317
21681
21042
115132
10864
62993
14751
60860
49020
132016
18156
14885
11170
25420
102386
61801
55076
35521
9154
92930
36271
16395
54494
24358
35437
148630
123584
296851
22505
39981
100878
20667
24224
141333
14899
420354
436531
27613
124576
111017
127130
83595
52830
75830
47124
26773
126330
22693
165535
27624
36105
8976
12337
12039
104127
45829
188388
295861
14978
218162
216645
14226
54667
127755
25019
16019
29018
276221
65305
867045
236599
139152
287838
29010
53448
44312
20345
22490
195363
1065137
438260
31111
47460
326161
362712
271982
14541
186049
138454
20240
108058
33659
112960
19593
105267
58234
9228
34373
215624
232743318
227533
136197
110051
52846
66670
89691
42403
2813460
191360666
238021
15558
62763
39581356
34967
459710
67929
59421
241530
60060800
213512
63192
13069
12155
282151
170109
50637982
541379
23755
17414
29989
281112
33496
100247
167772729
122722
225872220
171969926
67249
26124531
154703656
301114
13832536
7643
49837
1754833
207928835
141849191
947576
42286
302256
160845490
668955
897846
821679
184342
26387505
111131
5959648
8167408
158175
85276
79909
20560720
137743040
1113054
599650
610671
57591937
375477
396503
500335
493961
335051
47429
126893
86491
43869
145559740
98568442
13399
256712
47011
183701632
181811
6732359
41472663
145305860
325021
122851
133991
72558
144205
538306
54421278
307644
87810
67058
33044
160498
205287
97542
107305
48074
149512
35633
192926395
13880
141566
2398522
86016168
9302
74421
8082
104837
109933
57550
34914
13631
254740
20627
230947
200609
36013788
320248
56861
8784
16182
160664
156974
132361
57948471
70842767
240388
91341
192250
101492
101228
22964
547937
30239236
116162160
147974
67757871
275544
296762
8963
101025
155540367
135311735
58525
29591451
893469
207717
171111803
5966449
235597
236461
27622552
13442091
1397874
87213
6971858
378818
22646
104669
17945
14548
246057
224923
132777
99088
28374
1661572
207073
44931
11332
9623741
40633
185421
37835
23612310
177474144
366098
134159
317396
125234
56235
70210
341483
310139
63681
474608
214275
218618
215458
44438
14866
189371571
781487
115780241
398580
625174
537111
156512
252373
102122
19963014
19971
194502610
52652
157943799
54171
35018
156162428
265603
106126258
200140
42659
301072
80350
144933786
88972
188897
539566
84014
350955
287270
391616
17205
52667
283364
231646
399535
161059117
67295
676909
161137
30899
76841
74861
226046
44651
289314
279603
33278
192134
21569
8445164
9595
194044252
106832
105119
102393
31647191
49896
1456340
940259
165600
29731647
331026
50650
316655
12863
267174
8316
171639
74987
60577
86211
87632038
412178
242865
158749
1556010
48529
53051
1315414
1332798
22373971
461010
20430
350870
38668
187564
74946624
46164
162240420
308946
18180116
426387
158693
163373147
15057
9441
42548724
13812052
100867167
6896954
10126
101217
106991098
266787
178910
125110893
7001006
29988
350892
37388
147764123
275130
279627
9172
145606
179284
80882
63639
27797
115907158
70943
74750
45950
126900069
200174
99134
94560107
70797
1221326
34944
148758587
32637
32280
75839891
169985
373534
200371
149506
20821
70557
167718
147108
61433
3834423
156872
257124
187321
17696
230791
41728351
10306
341845
63028
93538
134299
81657
79773
106062
123997
12133
104251
50131
604499
126271
216146
19363
822019
215789
71144
379797
1750574
69955
114935
146372274
269790
77647
126378
25896
162487314
327404
576102
78617895
8446
149756
18610
28098
46350
24164474
37877856
126911631
135429
350664
360238
305639
67869
35191
18710
29911
34128
75328078
1075762
466991
19771
33383
45459
42501
64082
166010
18890
9003
11854
47713
58546
77024
70273
65468
9497
61546
190977
73590
79266
27706
394358
266373
41649
49814566
82665
58210
26420656
83639
11690020
43525
35915
52005254
103280
251053
124067745
254333
152005
34555
187354
89015
268011
153625
110220
116783
209604
84252
32163
194660
7836
36881
38170
565088
421084
170358
22773
12854
207665
197665
24664
163765
32475
324567
55965
200686
167084
176139
1006069
2003583
16316
233382
134300
99438
98979808
594130
9493
10192
273770
102742
35643
135425
53736
62392
252569
269395
232315
169785
34043
82645216
60772063
175519
129868
162942
236617
44483
33260
367057
381321
373461
330951
8217
270616
83642404
919266
37540833
49511276
60245
85572226
122914
127168
19349
20545
123534
169800
108097
23245
126747
1811333
176526
83358
16520
45998
12069196
85635
175741
72659846
793165
465875
33049462
470455
20772
920905
2505018
51311293
222448
7383094
438044
306872
160081
103053
225273
76158
60190
30026
33206
62823
208967
519431
1015581
61341857
72365725
42574090
112489
148958
241189
27626643
21037
127045
53717487
26383
707529
517790
82709
228040
729388
608481
711644
212934
82093
161337
100960
974902
160004
31149
19071
4308869
2322270
714856
734576
73730872
70938757
291559
54408035
67026
120504
466361
28544121
357037
235439
183217
436070
8871
450128
310458
399009
9775001
95567
52858
213443
38085
635005
311836
231329
13724
242704
226554
110453
165739
327342
101530
942693
26257
220655
115341
83981
225583
218697
76302
397900
40275636
327762
168521
78088
30674
424014
3945851
85836
309234
306971
302310
36972193
10271175
623360
221625
310459
538652
27276154
27162403
25595
133920
7834959
195323
44320450
51327272
71262
20626
31662900
296215
48860
60033
64216
88341
11865
158685
26987
21702903
20015
2752319
121613
108217
3178730
1703699
98502
126336
273323
60167
37631
22564
156533
197623
55158
244011
19337153
10591
493696
227750
17322
250794
505701
529590
485251
35896496
41163
58967
518734
54766
20575124
254771
291273
228317
13713
40372
116275
69697
181331
109284
22473
13651
10090
24870205
90210
9125
54148
59466
42021
104837
199654
501665
28817
263528
122321
58096
22407159
375925
2673043
465652
21343
14625
86313
52245
1025711
79066
126599
62358
74722
10313
125911
139818
119921
59597
35139
197536
138640
10482
181408
40062
76671
19220
118447
9596
99263
395347
266593
295529
242311
7602
265843
209324
231178
106383
60678
123263
35350
105739
99400
23058
45929
44586
282203
126250
66184
1137144
1316594
1129064
1564012
294048
172246
73133
195551
8717668
97392
60412
47852
286173
226170
106165
6787769
115826
155583
284358
109483
164645
119768
28115
35080
534328
400729
21935
57534
8880
71857
71130
17893
28548
212887
692391
366297
10257
8652
93152
47581
72822
477704
2403587
70752
398577
674308
703957
514285
31756
12148
52210
991863
82983
15478
427412
271621
65253
94557
206426
42281
30193
121924
55671
819880
47513
31471
45560036
52496
73025
116365
118009
295837
260111
209412
50096252
13600
12248621
11145
102467
73312
32604
330464
21907
92229
89149
117991
85916
75037
144298
194180
322393
101746
51721
13600
304118
12935261
55626
38059265
58135
147501
58547126
52702
64852
140143
32166
20794
7964
88782
17335684
57847
46387
25771
57266
344239
302633
13185
11283
153565
310484
215663
197434
187148
340071
136090
100025
30625079
321765
18948847
8375396
382259
12041
26252
165605
22172
73989
111042
276896
342964
97461
371298
599791
633633
273285
41580376
120825
34835410
962979
257367
135292
13883
118080
80810
602672
598916
11588
531216
141561
1496353
37619
126625
652089
150485
46152305
266811
147718
2334042
304742
3636793
12619
16808377
434405
32014
87011
63447
49072
69565
112222
33289
246776
215847
16006709
15881
11699
25776430
456646
328667
306875
40256467
194027
32909
105118
1011065
231408
734713
10267197
152389
66770
65460
85956
42046
17369
593515
18364993
346853
241045
323718
347907
197655
39938
27704
230548
94887
82252
11570
7843
358834
543879
282339
325702
980858
815851
82426
173511
19412
130791
10331
25973
10185
101932
9781775
84627
21573
22827757
2263599
13149
45104
35556
23970
34295
10596
57442
18114
268729
194461
13693
238983
15399
133285
105940
17056
28783998
210759
124432
137311
277365
266734
136364
74030
579179
77565
158512
27842262
190254
16932678
38419
1789350
126941
294031
57104
11633
82901
140040
499635
38449
355288
208593
101878
11133
141528
46210
87854
39721
55988
25437625
27873
259605
90427
38602
8763
105794
161036
68678
105138
10490652
54130
33333
5486653
30923
317353
204716
109316
39063
193995
321770
74934
128337
243456
71026
11196
43740
179635
12694
194982
43202
113900
50757
118224
151867
109815
309425
220457
192054
120698
41763
10685
178701
421361
631357
215067
497508
163718
109755
86006
104939
81220
24428
26132
10463
58897
263843
9724566
147783
204592
47683
8481
98223
74802
69731
304570
37289
10734
233750
102479
99136
39751
72070
61009
46723
31495
383914
276278
390038
117968
151955
60129
73343
101586
66323
60847
168243
28782
25378
135597
325470
384601
338194
291109
243986
209116
284980
21867
283759
1235702
134652
395713
336529
163062
73739
42562
255516
55514
97742
52320
20119
70631
1694257
58124
46156
177423
116003
89910
185496
238907
116522
110616
694344
69747
214194
602278
188509
585232
348589
79634
21321
142386
1977049
70369
21729
139201
89724
84172
122668
116099
57862
41849
21006
144751
34517
108488
9465
16556
64724
176921
13939
114375
764415
26768
1559395
216281
97687
1486697
227148
46930
16469
158131
103132
170764
84030
18992
65069
277902
449715
27302
77185
157744
2399342
172176
1328987
196888
507292
85421
296697
196722
110176
12462
196542
183972
99487
67639
602533
40829
90661
351561
157737
421624
127099
43132
16073
9556
265491
263042
76734
75894
30612
60218
85891
38217
10801
42808
82678
41920
383937
25675
96293
8850
239349
12460
45751
38659
2550737
122978
491629
15359311
368870
17192
38071
113829
145849
167513
1245281
915541
26783
23441
197047
200160
98217
83459
66484
111326
78507
22708281
211553
229267
397656
93782
2012613
341438
234099
156693
91092
4094934
53441
15543
28577
29733
386612
107656
148873
59004
73761
13077
126449
89038
54338
123484
108180
466824
252475
30396
294324
136935
44782
12807
33287
496705
192722
38292
268651
169042
229000
66000
14267
57527
137252
23743
57929
116007
27966
31109
149603
234186
253295
52326
109990
13523
145622
92064
148947
302209
26632
41880
10778
56331
34536
14276
275419
469020
67226
198311
154393
235942
3856886
82186
38246
10127
120721
85055
117666
27701
429138
67570
99000
49017
197826
190435
38357
16847
90132
87849
41150
66544
50972
147136
1649248
52106339
1094008
57672802
259587
263921
102920
30438925
96538178
150371
145192
107423
36075
54836603
141956521
125931079
184704982
20815
16574
63486
40720
19257
27961
201666
68154
11013
32992
23399
20849
91271912
82460
109281
27406
51360
21113
200931
38182765
287136
32508
66635
415332
158593587
424586
9320
130034909
146570
346311
122589
73035
140103812
159094058
116848
131212956
360578
115547966
150866
153146
4848362
147551
144091
15115
282030
30009
99351
53110
147588
92997972
133088
112853
78362551
41790
2865783
39786
175566
78065247
124663
52461
15951
8527
424219
213838
40182379
127277
187093
42454
279633
42194188
150099
117534378
634411
811581
72932814
76211372
152924
533688
310834
196274
97289
222183
400950
494256
392872
98331014
81321381
146147
57962
71575825
10734641
8037832
112833
115633088
298517
29731867
98967752
7912
49458
375260
131733
92922
59475814
291262
125547763
66836
35012309
87786052
56577
46999
20402406
616349
75509068
95287529
10967
42523710
484169
904500
156660
35058253
22797796
2116097
57042335
353295
157913
638473
61701504
126748
134982
321610
43382
170943
14815
289891
152322
423820
70772
85695
21664
48738083
37174
187413
95132
122408611
39814
25131
14982
271897
23330
117256107
800179
34931
732362
95112
95082
28772489
127573
108640201
158733303
22746
57722
249049
119019
102366869
102352
20696
113265
35251053
54990345
348101
159326
156056
20943
7700595
96849134
190690
24913
188315
70454
52246
448625
125484
48435
622675
138301799
46483720
51576596
14631
109960
29153
49724
49804
8215
261670
123796438
320542
144325843
215372
198719
85250433
498655
18054
183452
76715
320836
11772
9479
20165
101924
189828
14944
57707
53528
77075853
137006
10872
62579
8281
41651449
80162068
93116
34077
51540
26263
29516
2725748
38616
153764
77675
128902
191249
15388
90092
80366
25014
99287513
10098
13873
203263
177873
400476
134099
59478
140778
65578
106894
93855
39067
118505841
91635307
135330062
559809
78127
83385550
25103
31809
39036527
38775015
327310
128835
261682
40450
43291205
89646
98049
51449
41952
140470438
179400
251480
37641
38525
30067
20463
35282869
110912
32584
82364
107062
82939
159228
82908611
1216883
1109228
803762
273228
95637171
357086
40666203
13700
8753
636920
92275854
117806398
292659
129631
101282
562181
27972
407828
42149
248472
263494
137598
100851
65168149
159797
33338
652330
261751
1532789
122170908
57562337
71387441
191333
947300
55130274
204999
27464069
59597
400446
28119679
31133254
117055464
9315
76113336
25261
36943
224782
30127113
37366
261083
80152
102000443
105130330
84794075
7475564
7177184
102893546
71866
297478
197787
704901
706474
52220
110612
41939617
55347
79255
65068871
57686401
48492048
371226
35499665
18497588
598753
25412009
30998162
67016243
5553219
763746
865811
75006771
22911649
7308354
20265
245791
2043109
54373
243979
8826491
397214
571210
90366
10612
71265
729926
232898
778472
41842
51481829
33319818
7627790
140455
287734
458641
19524
123615
109198
3535547
304954
738747
691567
610323
32189478
48039973
267157
80798
9042
549849
468453
528986
241992
200712
31134
1470388
14602
35048
344604
251568
144331
141584
245702
12539
57372
30221
102844
118889
63417
42441
419525
24867
658614
12308
453313
645023
33268
224649
81208
149986
80721
21351
117951
41678033
72578
600918
473587
387414
17484
91871
838326
9880933
258406
38555310
65314625
358876
211847
88900
535780
35723
406123
8687
34529135
202096
255300
113795
235581
29420978
753327
1481240
1448062
198277
286417
36840109
55898
220202
16101195
39875
8509
39573
76600
21279
138378
451016
71475164
348128
364249
13301
162333
58607
99285
509111
168311
589881
13377072
103510
2411262
1325633
119225
326078
332100
327054
127354
192087
72275
33850
13455041
56360
16335
136704
284548
142835
193028
174188
172377
44229
87260
382347
84174
142345
101897
63369
46867
43931
43786
206431
190209
8746
195792
866078
47088
40016
8483
456711
393338
41394
94413
47404
24511646
169799
161597
52369
35782
103211
83271
124424
92837
18972458
356063
20153
29678
91783
8613
407044
100424
187558
38856881
27863588
26267669
1880194
49574062
410926
166599
23875
29174
375713
159871
40567882
46078
11537
9629
1274366
20774062
24871932
481656
44354970
214079
147602
127462
92839
207289
14198
18092
114532
313847
240190
27845
114710
22903856
148387
86751
35182
36635
22800
245839
257603
211679
268016
125648
40076
84164
8008869
25485
23638
78976
159207
31634229
14550
8589
415906
482638
397486
73142
214140
98996
247496
32527204
9834793
154903
42102818
418850
368403
6918165
29462
493099
110219
389136
275379
61733
601987
406824
368384
287452
92437
11055615
999941
343045
122731
34899859
538358
42699
77359
193447
323027
117538
42323
716990
213248
14885
310542
433877
22056397
751284
4596228
961224
41056
534329
536157
519861
103053
120743
72339
87907
273003
187750
125893
18102
28960
191740
126477
424898
244320
63044
298919
244768
56765
143873
298013
13088
18366
393981
104498
61770
60217
27507
180677
142038
126557
187058
98363
60822
73585
227896
25778
27799
20532
362417
396851
669594
360912
45276
32884
159028
63613
22800
312792
350218
238871
144546
63835
349717
71482
96995
78186
76260
11947
51908
19439
446179
110604
248953
119540
62623
52440
13723
60447
120112
13924
157023
32985
18942
89008
5849906
242523
36662016
49242
138234
103379885
87174277
464839
390378
202737
135141060
73968
11132
167637875
15098
164274
31755
40868
38938
30169
59923
72390
226426
61710
109002286
163075
143429
125123
115931
118185
17681
147223161
156390579
13895
69179056
326866
476705
75227
44972
26061
283199
45224
1157683
95896
149388689
1044721
82351983
36149
361335
261081
10719
83231
426182
65705
132737
337121
263816
328834
132168720
317988
153331155
132142
150855579
349064
80159
117623
55241
37990394
89110328
132858
280970
331630
141736169
252695
119987421
8167
284555
412331
147493
50068642
167626
75810
418761
24831
517235
121540819
170596
85210
874618
48847
290526
130398340
353103
56551781
9390
36549
164735
1063158
92111725
18266
246530
298916
133701
9588
480759
18248526
159652
44419
39561
38000648
121115
68411
86148
139322
150400
6861539
54655
72172
156529
150966
47384
185235
153488
17515
132059
416643
44102422
31453
628509
627254
689436
16217559
11868
40636
438281
801075
55445
436108
246715
21654
207936
147414
2560165
896328
247273
395792
315207
15080
578817
180964
294300
66852775
136971
358870
110021
93102
5702376
77453
132853
207250
244574
210933
45651008
25043964
143350
100990
14491
1185849
68743947
116053
409943
80564687
1094133
36686
559262
16085
470887
82442
436405
243357
145939
171666
553531
102580
286142
205879
240812
999705
159876
86667
202253
14723
1278889
425452
47347
6454935
309684
1432763
200618
355955
14716
53340
263856
138823
493436
29942
534125
24896449
165397
85256
424481
62271
102821
139755
146802
354908
1788782
10684
15635237
142242
128484
270759
645187
24392921
35352
9192
140914
154000
32755
69671
53628
7796770
139642
240400
25036
31494
102589
18358
29464
223551
273097
23078
720610
166099
16322
247990
391422
74985
479728
578894
28417955
36055759
11529
461069
190790
295911
245480
192744
85894
250040
40204
234383
12768
32263
237136
76042
431476
110818
122520
405670
231540
143455
108801
528519
14923413
103570
564397
371345
340600
9676
84821
597808
369481
407767
140102
473109
462012
301656
245339
178986
322388
1050587
260938
457808
228708
104187
351733
212500
211560
759032
42742
227273
86907
359489
87096
48299
368054
120706
54336
85937
56368
475155
541239
197436
1942869
1728714
301462
781565
40175
984202
1171992
119339
56578
671517
328042
135251
185137
183120
11956
36969
560481
387676
86265
109878
119197
93646
93566923
173808075
15556
135334
131844
30868478
79006157
130916
371211
274906
80645
81195319
78803
125722769
51728883
485457
103717
205159
1280375
164268405
799036
120959
734622
294136
93137
125623810
749715
29242176
227115
122295367
43747802
50195
157046
40600
124906
126839369
28730029
44975059
103781475
88928
194272
182745
103335249
686204
49364747
61685
44270
123481011
154007609
231931
68033324
288895
5905826
102975
66527
28084
33969830
303469
141011
38337776
17183
321994
467589
10338
11764
142743023
410094
101202
36904652
5749986
76091448
972023
112655
509166
147429
30770
131762021
23582
119008664
60506
107720
311816
53137
143631
111589
63089
84168684
71333298
421563
202814
112612
1136921
56191695
971233
109602783
47510
43983
55657718
37727
441699
366485
171471
88757
1032639
709954
222303
126259346
40268
196440
99316
48524
110525
54899
23136
85434
44687
64924
17058
199914
78088
81136
94359
1143064
84126897
35819964
1601414
221872
166609
39529
48155
52962
307678
66551
751102
6867217
424101
353135
378351
39082
19033685
467855
367139
360764
26442372
84953
507068
218917
95639
128721
68706
585986
52938
21289065
66682618
1551763
1160493
110009
618971
1880186
20224
13297
135697
74262
130381
115141
70984
64466
109054
51644
611648
149354
81975
63250
216355
211278
114271
46508
21176
9221
282086
50779248
9272
4820144
643528
29262
32117592
130078
10071701
13162747
464539
530267
80473587
83944875
624634
450607
342145
16575
40541
111524786
28559796
46539912
292102
65354020
8817
6956302
9791182
27091065
876271
490092
327413
86411
10653
463385
35699
10752
12996
232271
205373
616104
260130
102861567
132465
95745
102365868
221750
232199
272703
103377
42066
310018
67697
740210
741499
225432
53364
21744
208891
593965
58108145
100689720
339416
31551
28456
23440
66228307
1244642
58596
146692
414971
490227
14514
22924066
153876
141262
102225259
53222591
444075
1058080
26556
159300
180631
83439618
171830
846374
43018339
314029
56447
51188
1400217
230549
39651
441860
1199633
244308
17557580
43123
9048
328005
175939
3528862
74343
287515
330211
45574118
60035019
8715
1000764
91956505
581359
553635
116598
51248
169619
316476
281005
75485436
87433
338129
78841361
782972
270039
48932436
11478
124862
2675436
32762063
47374955
383676
212180
60221
153674
130540
41275
30931
42423
109569
22623
88563
81643951
376132
295605
132631
17328083
343224
41336
24215722
294340
303247
154495
62990
27827
766480
125714
53020514
16098052
358562
55735990
183454
47792
15341
826102
42482287
15116757
308135
311795
29509
50356
164609
514771
286500
35583393
1457477
770777
34155
257279
214687
262863
25305
36938
580246
47172020
27525616
9743
17829810
32030206
12949443
56175266
341090
60647625
143204
19449
88100
23519
77564
8742509
310379
6891301
131802
29242240
2282355
870636
757759
448108
174121
153533
326161
122243
12035
50878
5472760
23316
201723
193352
636977
75869
50402
25264
595440
238302
1002266
9199848
141140
74217
10569
29644
129748
2815074
332218
208872
5417876
36401
391482
250109
136877
5846992
175393
61277
45767
13210
53325
59403
2935952
15969
29574
8912
31201
285773
15345
274235
266660
367668
94851
87432
93326
293836
197607
32659
72223
75317
39326
43312
51434
40958
110855
520704
416245
9519
396068
29278639
28714
113457
67663
34314
64361
93097
11351
12000
14003
83160
425860
62474
15725
19946432
113572
50561
115013
193443
32949
69212
123637
9797
114150
83978
32925
357081
266267
32678
117902
72726
27360
440371
492571
335056
186068
220650
50054
80895
141500
247743
549837
214145
68434
13835
9670
46006
13878
160596
87375
21911
81082
41068
10394
709407
17736
131164
21405
154023
223708
68508
85316
404631
23081
23801
43176
46945
305696
264722
382399
295724
293659
122788
44032
140988
134209
12513990
94088
10263
77146
63496
58396
15646200
57620
53594
51628
325260
126219
15027
58491
20007
20092
212230
165528
13541174
50690
56925
137652
286106
88605
188428
116206
128514
112426
61858
9819
612983
117714
39748
18240178
8836
91344
11874799
169298
160178
30722
1398703
7960
1124703
872534
135235
29703
9495
46085
142819
102784
92482
128097
139444
93396
82610
1093148
1057898
209804
8940
79369
468322
148325
58839
311721
118536
38175
77072
11592830
277995
25866
607665
60710
58617
911352
20388
248241
1692369
12688
486721
438686
83171
235526
130926
8773526
22100
73078
100150
239618
841594
601179
161770
9002
366603
136290
258782
369190
90282
203329
531956
75803
65208
196330
364016
136248
592337
597644
128276
129883
381316
144125
147278
40675
131426
27129
16529
220005
4142212
575404
197894
186672
57200
19590
41409
9572
59608
406715
249598
75498
321249
516335
374037
28325
622765
508586
506189
181020
195829
33843
587020
32599
22231
455608
36992
453912
31417
13970
204045
25574
72716
138203
84388
7970
454419
102182
75586
17528
1258934
271298
176815
9079
35402
23395
106030
36280
173367
376898
325535
247699
174845
51492
108091
124209
37362
51743917
583819
599594
468932
508336
757617
591803
54609
197926
123095
22236
28470218
54260
120700513
140747719
144792
95664
100836
230223
187797
143540771
159581
235937
8016
80077152
32512
308220
133534
190392
72644345
283285
99929301
57323
180572
69427674
77366489
30394
14128
322817
184252
25052
41855
325125
727677
57244
28203
157559680
16560318
704225
646517
65628
9669020
32260
138930952
48488097
37555
117860
238629
191439
40003
263480
133587
537072
100081147
45696
179038
43841
11657
134618425
919519
40931
40046
227066
860720
854575
128064
137138263
1029255
10237
71224329
66965444
4472527
199821
98524
75191
27194
183229
83472
56900
104911578
49941
52054
35383
88847441
78814
13903
431825
679731
590255
15293
26574
633247
576533
22734
233026
5005191
67927
55163
86796
25180
34593
11002
277330
12685
132184
322015
20696
137928
78865
13398
95479
42418
51171
115211
397506
136254530
14456
204788
57614
9072
9726
160336
3392555
113313
25165
36939
162790
38200
231549
89189
68749
73072
8281
43501
285001
268529
353749
35246
146229
60797
14172
134824972
17231
68951
54062
124331
127460
14937
116813
114457
176423
14534
58184585
258077
49926270
166456
183339
53946
218502
68989
70076221
109953418
757401
53526
47246
65708
135573
55166
93386
150161
161779
117088
78097
75039
8497
38120
34002
217710
366368
25489
751515
24359
76801
10674241
515093
53372985
17169
111205
38977
35173
408172
55255
173974
46465
22588
142099
47810724
48254
29973
11431445
322033
262755
27866
37024
62330
54739
65406385
91178335
113387
90016
10693
26467
470970
411646
43959239
226628
304157
74600
63708
241986
161087
51717
82206
48768
73835
62160
2870674
25249700
15673
78682
76933
16161
174763
63824
8144831
396480
30467
73550
36437
1205105
66189174
100625
165246
65485
83557005
380811
67075
332749
97255593
241582
104850
35233
66638
93944837
62221610
136097
32145621
204217
83321041
44316
166778
32123
411846
65952
65239745
736613
456268
412354
450857
375244
330579
272522
41848
249678
40781121
60189
96864
769069
142609
55514
17413
8822
95164
30282
45712
29068
1469611
39048406
62290148
101474
70899
136722
274832
336491
35960
8614
417944
597127
82200
605866
108597
87873
77617
22896
23540
79576687
36711
140036
813989
17196
534885
63439
332040
1105003
435141
1678865
89744
143045
71107674
796551
193659
20818
540860
303105
195960
243480
53652224
176908
792343
652396
351343
552201
412857
371415
125464
38772
34159
44154936
356868
149348
71521
196514
163681
535779
1208240
51847
212407
130065
152974
10078330
39342214
34413779
10554
29885
346028
2625352
1155837
20300456
6126637
56807
101757
105865
43740
79731
247783
29368
13859560
219020
104083
253251
20540311
287761
642659
574873
335130
334186
43028314
254734
8418
299229
1438468
1824581
448012
257093
8563
34755462
185697
169034
166852
115577
60469
53522
39733
10467751
10038
64527
386034
265339
35007252
161858
159429
22554
994286
275994
167963
70754
173919
334391
281562
267492
5989967
61445
108182
237152
95104
80677
175826
139888
771256
666111
784052
724091
239040
766657
704063
83866
50470
11418
25421
16161
71498
270126
114222
160051
15705
370410
48075
25042
241404
213167
647971
436306
8903
114349
376023
131142
7362574
79025
168399
89688
135248
214182
443042
502750
26573
275274
75604
1182776
252641
51238
68961
149839
138481
352460
441607
375359
138711
82560
10683
209425
533833
17406
62170
33192
30562
19973
76233
439809
73836
141805
9393
410909
665877
277195
207876
87284
17753
175824
186147
98281
49734
36915
177169
1748486
51577
90301
271478
280081
54362583
105194
258137
37574
129739638
808867
34789
266309
15183257
45870575
113429359
105021349
279580
191210
143042
28728
24681
14602
318747
127104
255170
41549565
61255
103430
95978
28382
22946
10550
56278
95393
40345982
69943
11536060
10353237
19206752
868458
79407
123992181
71077875
107990328
8957044
325969
285406
1993757
2925170
9407
45474568
145773694
34484217
130252
62546
165198
804183
35839
103613
83169937
36202296
433559
431390
1409250
932665
80723109
154351
394564
484184
116610473
56165
37956
547982
698363
21325393
66802555
88662415
5159651
132386486
563536
81621079
78061128
47016197
989236
105909638
148950
58895
496562
82155982
108819792
110733446
28063660
6987103
81254
127676738
76928
285274
450541
157228
55894
242940
54082329
105796
127780325
16678582
88027571
21364473
16351933
128390089
91920
42546334
432986
56946
110158
112825186
13926
128194833
309832
594834
72966031
115078626
131247
12408
148156
791319
46686
493049
454615
20970
279056
236947
40392
22002
14231
9508
527103
60691
258479
33459
16949
46845837
146338
76390
60706
24057
36055
17558
14825
464930
88062446
111563875
231623
159546
53549
45425
93380
174128
124402
36776410
36033
38988
105052
458266
441004
69937
43358
21829
247647
455632
735090
419838
382009
262203
358742
285138
57577
1839450
175389
100641
462669
104613
84644605
315356
130354
269920
12713
92014711
81504
37256
360599
16544169
262038
211616
19511
144570
239633
281452
321282
313997
46029305
228293
117118
36192506
103258
22780
36607
4155483
11853
51306
155784
98911
8421
33225
368674
49140492
890774
933315
863433
318803
346478
49690
182595
228351
138625
110693
115392
123997
324697
232889
88009
547681
212382
1450473
107474
279106
99080187
699170
1170995
1257022
221855
97385230
20107286
902236
83140
58652
25508
87186458
214476
96556
98060
68196478
105813993
19092
211564
693010
165009
388603
241268
56968542
2163727
930842
14905
69724182
291499
26581212
18795
219819
253444
29359765
82308
81986
91070
16373
43188
105798
96594
15708
48127
16276
137988
69603
327890
333484
217979
47708
79265508
30892
25881
183321
71520610
157466
243465
108620
20429
212399
32149279
775644
143156
10916
76904
33544
268898
12249
456667
188388
240526
190311
407479
8487787
30651
34156508
528261
28949542
33248007
478214
17820
10941
29627075
106412
150069
54749
322675
101163
663343
33711177
22987
23015226
33842205
4859250
8234290
260139
145357
108232
129649
553217
695115
37708593
61759
364370
82852
32017
196715
21587306
145698
138981
1018550
45913
14967
47112312
139326
1111171
74490
729517
689585
336281
4220404
131099
126351
104836
86512
118585
18553
33980
130112
82188
36365
124036
62096
136737
81380
20783
27344574
51108069
135126
88354
62326
63545
160522
82117
28458
46329
42126
17118
45573
24638
41808
168789
122600
380124
25807
41275249
52474
12280
709782
632160
22715
347252
7907499
263437
159410
389312
256129
70115
38986
94500
4240470
39826
284663
81245
119792
121058
258332
200148
12876
221796
21482
93249
11821
280952
203841
145262
1254519
245770
12039
251207
154646
754232
8794
40701496
20906969
261988
276537
56069
212111
956908
69888
17901
352529
80893
43486
81591
212977
54398
97707
82198
23690
81148
12432060
20695851
149172
137159
83014
14015
177952
8497
472362
439738
258433
32998997
86550
236512
10688117
163926
8364
683850
129225
14770335
12344
122258
24528
40693
500648
173893
48727
20406
75702
34415
25623
22357683
35204
47343
28096
30504
2309147
153061
148857
53867
8827
242385
172338
68287
40161
114794
95693
78209
479752
194580
48486
38816
141162
14407
301512
28567
32322
1025722
256784
186293
25372
670053
137252
498005
496545
34180
62091
55871
66855
200491
62443
54362
34113
34332
98277
45983
54391
37006
321039
33493
199012
64853
57710
8419
5463490
9849
8857
370799
229388
133341
23946
336365
49323
402958
50458
61647
16539
600988
16905
357891
51078
269122
126081
95317
7827353
81265
111524
113112
24848
92526
94941
21579
125162
413222
934682
871696
30854
263048
697856
47931
60949
19643
172543
10871
333887
90355
29850
116630
76428
545843
134890
394958
27281
28278
20579
11089
24742
22876
18934
71811
130499
444515
39088
23167
89380
20659
428966
141616
57998
10786
141492
22445
40088
327204
102476
44540
288594
26109695
10075
114551616
27385547
14231543
76034
61280
24098
170761
37330
191785
64999387
49700070
501786
236504
138530
10535
440741
15989
326086
31901
104977
58196
378853
392072
178105
174128
16384
792895
53372
9359850
19173
140061
247212
122023351
152449
109522
122703039
48083
657145
120868015
99705
55477
186619
105047060
45580
65659820
24519
172173
13303
205006
107510126
660181
122565009
253855
743153
47152
78252
27194
62975
54889
135000
103199660
108389
92384
44207
30485
9399
100625
79412
129923
128148
445844
118029
85234
273766
152629
64017
12017
78430
31715060
204279
8952
69213
110422
943147
76957
105311406
511417
7565884
143820
101520227
104785
29844
20103
281821
63978
50533
136456
262919
39596
11900
55336764
12922
230424
114280
116099577
357613
91267805
62344970
1257536
333976
913713
8573
711314
2582773
385557
412180
325056
407143
8311
145983
26085
32900
971459
9224
60647
328912
43704
33685
35574
225852
16703
118230
273561
321750
137646
227795
90181632
23677832
259226
162030
151660
287390
71243
73226
44689
14611
582033
49106
243979
96915861
13420
29966
144623
120729
7544
1414324
316186
168974
120067
42114
9015
792079
431649
98627
76960
10663
67948105
242277
441453
6317680
232470
146726
98336451
38892344
13112632
34764
38443
574777
602997
163563
383920
63080
1112525
115692
10261
403977
66723
314932
12059
147071
15502
463278
566991
184777
91972
58793
95719
193407
109452
141684
137311
968517
8607770
389873
86161
1199596
73622985
15426990
163686
69425443
201255
32719
33127374
72394
54499145
58374
103761
41715
9534
10183
1192094
292392
72691
47355
126901
38643
779238
27132
30366256
60480131
562272
187432
197310
389881
785094
2133612
20848
148537
153197
151926
27621020
142498
169789
201626
254814
690615
133857
940299
41961888
390706
185448
190479
11884984
32639
47967667
674790
7911612
166037
329895
854266
341570
149643
375914
140533
100177
543035
23893995
66006
246072
53336109
2371756
80107
239432
63292591
19171
60253005
130798
243312
235132
207308
13653
11873
6753313
447526
10802076
24919
735803
791182
268135
216986
158089
163093
88631
21688727
436061
359342
352544
147687
56768
472306
194123
154753
66891
49830
321044
1572382
48066462
288943
282727
224551
1897956
93811
140242
247123
274558
55817
19947
145767
70790
18199
75241
239422
56375
170294
301020
140525
180690
33678891
21844
106982
53192
468010
8376
395125
61750
357710
206518
10424
100377
32483597
48871
873900
43660894
22209997
30702
380961
222823
225732
134647
134799
133464
77455
18377
299732
103150
400664
3424314
92683
232612
42841
37889
678086
622123
4378394
166636
984608
235719
688843
949868
140496
587846
10993
259500
19278501
305372
75496
810366
113074
165279
14497491
193375
117404
85668
1090120
3072487
945316
248975
245304
224753
530561
918344
233897
443434
255367
196518
80600
27540
11187
43330
169697
105742
24529
15808
1850978
392153
388198
49192
421232
282431
46942
39660
42981
62194
515475
119686
52538
360577
19053
162100
98850
291568
7819
9068
681152
742894
260349
206832
844463
383032
301886
14825371
919265
124080
4818298
135093
15286
12455
19936
155551
192251
75925
70757
136035
65961
46304
784109
820591
53446
90904
506327
435569
17042
47263
12080
154864
4573300
13096
389702
1116023
37311
646133
155094
152639
546821
520847
178408
9129
127348
453827
43605
38475
607906
506709
226701
256542
93912
230665
90373
74936
98334
72852
12235
14417
2836158
56209
261616
50026
70565
153601
113106
23876
34036
57538
257438
265411
112436
43967
64734
51229
430101
23056
119497
87351
224988
51805
67361
7828
47925
75039
458640
452982
227605
192746
2593123
772261
127871868
23424618
38090
308912
568761
109340
45917
264850
28629
148024
60202
35555
318307
662702
13335
255904
165144
162374
46423
28653718
118559410
313353
14032
28855
29180
2354994
2015283
128704986
336380
71257711
85643
2766959
386768
99171840
163407
370315
52748
310257
53995
38147
29815
31433
1001797
1416763
115543424
106881673
152447
9899
137477
70569
713895
852458
190611
568317
84650730
533934
20442
20841
338562
348228
243717
716676
1218127
65007519
48062
323939
76676
149181
1184396
68877
486101
110843984
65241
8060
65328
108617691
90167982
297720
624015
398227
368915
98260746
8953
213268
40094
77698406
105982839
95583932
195015
170583
393682
75923361
127997
31323
21829
86558
25642
70246339
73413414
94405
124187
102102
18134
12228
10842
58400
77287408
15091
298829
78161063
71298
21271
42651
10865
30556
84669
20484
8910
320028
38164
33365
12889
46669
61445
83782183
57235
301304
17263
118481
26735
21081
258880
117830
119648
630440
92444
184146
371210
111869
37620
58096995
66908
29700
34945
3718173
63149670
326795
88864
312161
40686561
31945
43524
100753
116811
34532937
67215
29355
72806
62015
50807
25186
1029027
597763
49300967
313169
9560240
14751
665391
9016
1037562
60777785
54302
254807
7983513
249908
179013
175294
163231
8743
136415
15819
317986
33417
666170
30220
34326856
12249
30711
46121
3745618
2431051
1383648
1265307
26393
27988147
26284
23845
340371
324671
384554
264662
7705714
21702
67898
329754
314532
44714
22286109
16784
631714
97100
786545
761506
255762
107242
108255
462653
10291
74331
38727356
152336
345556
28394
135649
18015411
375122
30612952
129577
116569
5649461
94527
71976
287385
252014
203888
185631
181822
57840
118505
144647
142121
10261
39887
459222
480907
208424
189758
578906
138290
271167
10588
32291250
14549
64580
1079984
126348
2461005
265408
31737
630905
633036
376213
550182
20141452
87868
283091
257816
85705
8237
49310
62294
23651
169070
57118
782612
12895
342925
150276
83314
64525
20989149
337161
51916
12072633
73013
52030
68275
17963
88834
35664
86206
261215
150453
25799
45525
161978
69493
18611
205483
261807
186031
11263556
55248
44570
25392
242303
189972
35032
51886
46106
9288
280521
204143
211159
150550
12236
14954
66053
563871
102405
20284
16671
253860
73891
9521
118160
1069601
1053791
266391
283029
421974
241740
68582
792743
173844
71203
64589
139141
54101
23971
197468
257285
126627
117828
711244
222502
73722
149853
266279
46681
8035
172885
80637
15929
302603
213300
43436
36706
120318
52693
218805
624002
134622
169476
95212
82501
91574
229987
192698
9447
210034
60190
48446
331735
67900
41080
104713
9988
48751
82379
215808
44768
10777
125396
9477
8330
20797
154798
22653
85682
512019
478330
470070
644488
125509
113073
26334
47350
36571
154338
79803
223304
163070
216891
41830
25106
138848
140341
1313455
77011
19216
15487
72164
70756
298910
16648
150697
151410
132732
407510
725152
82742
268645
167335
31471
70779
30693
9052
144681
82667
31069
74225
47864
267727
329026
192831
259523
354501
41960
129963
218046
140593
41836
11040
26835
10807
139647
62501
28999
19799
99943
11649
158296
112724
23755
142912
303630
565824
742155
100921
129406
115915
533351
44092
194249
79232
76618
282189
489303
663106
477047
56282764
26156781
24467957
983672
764585
281366
87902
287976
30304
106071
66586
304427
154341
279408
495416
105894038
339077
143147
160579
343595
204041
76059
109191
952842
108385506
113320981
126227103
94741109
106066069
63919
65547
126749947
1439805
83116348
47859
98875262
212779
444781
866756
67922182
13268
395424
401229
12540521
120481
44490
589791
185002
27427807
50904
119636
60905
1085578
192602
234476
861059
527226
96768
5143964
22291
131091
110072
34113
290235
226634
76350121
88060
2282693
69914
268897
377957
43223
85629
35031
43746
21570
462517
77083
8965
79647423
78674725
11804
168221
169062
118416
333929
28437725
66672504
171414
204056
255867
47693752
72452
564856
559890
210416
113955
161115
488592
88264
51115
164216
53678
508185
62562
152368
21054575
203497
3060780
40123
465024
12019
52811105
434917
67336960
84660
17195
161089
164357
32418355
81339
52508
68849
207646
182235
253838
146405
284475
147909
86032
106182
267948
57988
253588
14057041
131743
60163
19438
356281
91600
102766
1275330
10468
371112
177155
19184
470581
123509
267327
257137
397074
1982936
107564
220768
58306
349120
30081290
216761
138143
45082
379237
62868
1019689
20478
27391
21861
364544
105952
132737
46992
74194
173649
17502
402030
453514
90354
599570
340906
680492
370760
25618
15555
377791
166900
34181
8188
239385
141807
68930
7539
487255
1421364
3112163
692463
117389
175221
1103146
921576
882250
69394
38577
94813
58206
57314
26368
189078
12230
23508
16518
32799
21474
91783
236483
105531
156739
40644
228102
