50901847
102263
104411
72433922
28798
86530993
158036
191379
33776
139164766
169020
222977745
235166
339393
35991
33783
351619
287788
8850
54667
25380
91544
92071
165135
228234200
39711
90362
47396
10766
12318
322030
60670
74575
3507581
60262
28329
11168
33376
17438961
85550
65986
280463
108324
108641
134343873
65532
34773
72782
67402
98501
150783889
62040
210051931
53376
110517
224977
63663
260730
237458
144023
34817
74522870
563247
156256707
25393
33554
44908
61305
23780
27458
242637
26350
253173
158305663
16470
9206
286629
16693
63509
31118
74670
67783
167354994
91609
9286
30855
82766
104619
45100
193021
173919742
22186687
139691
105346
127197
151054
16243
197223369
205255841
381014
71377
258141
133038890
80131
148767
88007
165230115
146404
185893
118047
150466
74832
27065
17220
28807
29069
85356
43538
183314441
96544
220944
53504483
176235
377564
180739296
13062
102754
13756
337177
235846
439331
316046
260017
184991820
118581
124303
30683
403458
133587513
32041557
149140
146338
168666012
64904
60052
473150
159966
263270
96918
376786
364914
154448996
224838
164688
159395426
150915
73955149
502668
8696
36155
194823
768912
28539
76839
519362
206805
444078
397255
293599
72207919
51307
12947
418491
291619
236881
190950
121724299
465677
61895179
243838
354765
16988
104464
66467
93871
250531
60612
40120037
32858
28804
89746
152596
110872
265501
8901
20709
112743
68313008
326258
233550
69222
174107
67646
50911
38997
346918
332946
242808
201597
223796
49138
115451
116423
59455
251923
53685
192815
66262262
54092
280283
6472885
75890
252160
41966
92686
56723
12376
131301
23744
46819
144875
143184
108096
70366
35914
89598
270602
59390
271930
39020
161377
56061
6380535
148903
85921
62734
32779416
58386
222082
10118
74785
14710
28763
189704
414869
64231
76646146
11314
33945
62863
79053
32176
146530
43954
129282
8085
44247
22807
18956
26322
15783746
29722
30909
73369
112978
28031
66066
51958
17641
125777
87940
115942
275893
84715
21965
40077
69514
8237
68142
256894
174053
273229
33733
57928812
217398
296310
61372716
48661852
1663315
17908802
788053
109795
17892946
216170
206868
28099199
80509
92327
50575630
75935
260038
59013
17313
339508
413986
313140
290254
81830
738042
75497
468319
289985
68918244
131964
283755
1048527
334421
470082
18551
134636
44881
221846
38363
104786
472402
101166
7147104
289915
229383
227278
326905
148531
190976
319294
278295
200391
649061
1556598
134492
103439
73623
22392817
888782
512445
111405
28741
22777083
850364
296773
214424
958300
34684
63131
96020
153630
30643
27190
12849
43357
141087
98924
2974832
19814
135930
9440
111378
23026
102560
98799
58518
18360
69285
66865
21133
362028
144647
188046
85715
242004
78246
10240
115162
54200
8884
43112
253910
114984
80566
96200
16601
95226
120269
65919
119306
36983
31188
74224
10749
165285
22215
22646
321427
119284
14761439
17974870
112261
54446
81275
166166
15221
135989
6706764
154957
37842
38477
37205
40465
384292
23494365
330268
84044
74564
6788098
423813
63947
13657
33343
267379
24296301
86203
11352
1482311
15939
151684
90819
146664
171669
531326
166899
383935
111517
39127
352548
42241
302631
495096
9004
99746
65532
49975
151655
131433
23690
116741
34949
6700629
43672
590551
563159
421793
496258
23578
21807
194866
174876
196090
24284
871449
38925
29847
60075
716525
16716
80477
495362
126272
8957
184800
1190886
259781
165774
83465
163862
597744
58491
280684
188732
77248
205199
25301
326078
404806
89633
143465
107808
227539
992660
64149
63878
18408
45334038
424051
50062
42088
227410
42896
110470
40848
166458
553684
244273
176164
139172
101243
36751
54546873
61056798
319567
317354
252387
261622
67542
264375
201572
193742
391923
356525
119776
172631
20873
49925
76655932
297896
404318
194220
39115
438358
415066
133564
544565
408345
524697
525504
92419248
77578656
234414
871756
79126
262271
138051
67256
242775
140840
142039
168270
151987
17839
123255
1307861
101448
1245860
362846
113120
71166
47725
1192914
241391
226489
319058
72381
74062
48517484
853914
111385
52857
101660
254876
138806
78407
12187169
408640
5834102
63625190
9367
59991283
204490
205597
143821
274516
379969
101828
153888
561884
600243
5998955
163817
86105
114387
20986459
219415
93831
20023141
346395
90796
85942
26334836
170927
105009
36096
114426
14465
55709179
153906
22920
21397204
14875
255750
250316
185561
84110
71392
35944
235422
77582
25068
195973
51827
48575
203724
499156
71410
30984
29080
66278
102257
755937
38332
24684206
78623
103970
354357
392551
147292
112500
473794
90780
124670
116623
25092
91422
66299
1120421
57933
69978
203279
336803
115257
21314
205860
46260
196321
29363399
163629
124913
226935
152357
154132
135523
371415
58769
252178
10789
200519
10463
289909
41249
67494
215652
67022
168776
498726
37527
612835
46165
44995
20420
32283
115445
89679
278132
135870
72455
324942
205083
11376
282016
70082
75125
46758
9126
41884
42062
3463114
204800
93233
444679
72981
109517
9987
437370
450929
166014
38799
9996
18815
17795
16449
7728
129753
567271
19278
142438
407118
63347
253348
62430
192987
26919
46327
11304
234482
416703
286441
105752
235253
42400
49318
13394
1235241
59534
136669
298883
100235
9080
11077321
909649
23303
171099
39216
25226
167295
245037
315048
276740
932745
543254
45425
886370
380479
271752
32939
344168
64470
46167
44536
142227
63785
175092
21775
60977
190952
136639
556208
247788
215473
814767
47958
663752
57981
21519
118640
44107
176391
182287
132775
175997
182433
74217
70626
133862342
34967295
65298
102656
312287
78184
42578998
123055
162721
80444
64299
29964
96809
69534834
110005
62038056
75610
35075
687654
235859
112127
42051632
64619
69074858
48057
54075
108149
81909
56202457
92114
86282
26846
340909
421905
348561
315100
96374
138529
97935
41004
14403
96809
60149
56096
193355
54660
22000828
128557
56842
12076
35473
133784
34666
31676
68982
57995
120956
153992
173654
150343
241872
11944
10604
242687
84250
157473
209381
9453331
454066
364629
313584
20754
62061
937140
128790
935416
19502
245394
74632735
157434
178257
39497021
113104
253546
207734
133214
80944
778072
92583
428298
404870
8991
176694
153860
13060
283915
336337
21743037
112224
10670
232853
194461
14969
258459
75583398
129792
625372
338777
268257
181687
38773
481809
61595
114336
143260
23062359
112308
54996
43757
7732
35321
106178
31809
30372
11177
156557
84185
108331
129810
52665
50241
115149
259922
99623
31589
33039
38367
33921
20069
75321
36841
15694
64408
12204
113917
17114
277425
176669
60054
286495
18605
58003269
17282
13525
155265
188551
14171
182222
92414
11319
113684
64533
160041
27902
41668
88336
85786
94649
198264
140540
109152
285949
275905
31677
35974644
34584
221633
288025
609254
464415
48145
37740
109176
28063
65713
37124
31755
17649
11917
98432
23535
9513
25266
309408
257893
305454
187010
18700916
57270
661469
101547
218483
201192
34400
108381
89761
80660
45145
249969
77352
104706
66516
25005
15889
119901
236124
28230
66048
59127
180945
44009
33763
336024
406206
23523
430916
126518
159065
161412
363409
276946
31117
146466
209705
414608
20756
544254
339294
35627
54524
77403
8354
235777
296533
14105
27138
85981
59451
701258
227035
226602
240347
8693
52265
78641
118428
93095
54456
42462
62969
130599
127635
10189
342189
270420
12486
23891
152418
45151
241619
118495
78282
179683
50142
22404
40071
382955
56633
276780
659012
459693
341873
63988
200804
216383
431310
32222
94660
756930
37044
30155
102377
108287
146382
120887910
17250
169384
105973
147537
99406846
48423932
102741
82575
295991
166289
142284
46474
36980
33960
97790983
82388
8398212
2292610
115343231
98450
168583
69057
90354
73579
52706
20783
496829
164142
19209226
101194
218107
233258
357639
514552
383338
713826
286400
259962
250836
622542
140486
19463
163427
170842
29465552
59540
73384
889028
202011
106085458
108664360
478128
341414
410160
81107
366923
268017
269330
237042
33897
649121
83779
15147731
36362
115696
92930903
189008
70301
342356
87281
69262
582818
404860
120654
62390856
76217
204893
68527021
210726
278646
110862
22685844
1324953
52166242
141826
236144
188455
652229
14371
56923843
84816
262343
82269292
242486
196819
225638
300874
96162
176026
386407
712992
6549969
104472
973050
615337
36050
10361056
29708
898274
46028
362845
143463
27137
449828
24800
29685
66092
58006
81046
9631
61072
58509
22888
22484
9059
59606
16920
171436
166588
8896
66238
133618
9014
78815
16658
14126
74663146
63559
5690730
230049
128223
25298
89415
33716
49401
87715
50909
131372
57048
52179283
18359
98100
26722
854079
40847498
19322
39422
162145
479230
65891912
91215
87934
19387
128200
15609
76280
202938
217060
72845075
139396
164776
72607
19481
59814
44135
37881
38160576
36599
56321
96679
65776
89392
31853
32557
34116
8944
77847
13458
19127
257298
146831
56126
20840
88034
248680
224505
103722
33432
9359
20268
198912
84427
44200789
32541
148700
122423
70924
27448
46797781
219975
193695
91177
53748
255566
68027
48695
55186932
9359
397112
341336
780862
669839
773376
95934
166955
61142
80002
54043779
1006290
17592
280015
27566
710351
840245
19176
20788169
56299
105646
119757
95417
56229
510241
831512
295986
131239
305596
160026
71715
37097
8711
15679056
532628
15830
778619
317371
142491
149121
39233404
133112
143377
110595
74231
14858190
959137
392787
522447
882392
239310
19145
761865
19012
79240
34035
101021
393237
354868
48358
38528
21792
65068
98608
18028
26770515
15457
12713
296929
12464
99823
27408
24650
9608
120878
273528
148047
113835
202268
189457
37838
800680
673810
443617
75092
19124470
147342
63285
58350
614730
561143
510962
158634
84288
412693
290714
529726
52705
428565
136752
129479
8062
19684
75356
258388
17149
329118
56721
357618
83907
46456
15924
105303
11246593
41629
1248898
730387
118786
18903
270056
112531
179765
10185
174132
458546
435632
350939
87987
18176
25345
109759
72467
30218
37835
54991
195164
48601
8391
127828
41379
64363
20770
10844
35781
96367
97604
2355380
7892
65973
40621
38429
19872
176255
200527
60278
24721
55858
21495
303456
44592
21232
338079
149993
129792
52741
429658
366583
22819
2139055
66471517
52221
162107
155984
215963
222457
38002
371931
130373
37685
563940
267579
265295
75637
188746
119733
40029
130224
15123751
453271
57711070
471054
342158
299453
442243
205076
387552
395710
319084
128582
143175
178085
361670
470074
4438777
46867101
286575
375528
225917
2103141
319626
944907
923288
645823
110193
29106
174426
27136504
7735539
403500
8213
339826
173023
341317
313416
288217
85933
612562
369889
324552
7853
144205
74294
950321
554592
10159
1099272
67464
152439
222671
15671287
49082
38001
23587
175877
93502
43866
79178
17754209
182468
121863
276446
59432
53402
282654
7989
57435
12670
8040
110299
178735
30239
44568
20362
415633
330113
4595524
206196
673627
665258
30224
320161
170644
127703
68878426
183678
501981
286014
461413
27335424
363147
337907
100945
404975
9656
396357
56022376
234806
49647
8933
799285
561140
53702
76156
81554
45536
184320
608230
888019
383386
691445
115749
287660
622640
483957
186834
210843
368430
595482
215331
96041
16536
202052
860460
284363
85475
48576
220348
91352
16797
87587
660760
54162
104438
37311
890903
872531
56064
46215
45084
28043775
210805
159654
1047195
237758
226874
23678
331978
104125
26218
61823
123125
998938
498967
149715
230620
1087330
52964
89640
64727
15053465
22910796
15277345
89022
98365
67242
39627
153892
197623
195296
184596
169457
185014
179708
404427
339114
75816
40571
106167
80902
86283
35109
12284
55469
544633
215133
65884
539981
156715
360531
366378
44589
197476
120867
16582
346789
3129807
587783
80342
8736443
208426
211333
93968
19211
420719
254551
196755
44930
48299
131732
173315
164578
176730
173116
10111
73109
366997
106703
51555
54084
814148
398926
209090
182796
85374
259927
99712
81326
81982
60273
387972
312646
80528
49863
16509
11474
101726
545041
75904
73255
31057
43151
71553
36483
68290
149266
43895
109538
24426
30249957
67209514
56382418
50911711
50902400
25631
94062
362080
44720
23835
27671043
9707
234766
51226
11281
481610
147587
140026
17652
495817
305631
42883098
346607
309613
11145
148189
38271149
250861
259342
119886
186991
77170
9409
147763
73088
213001
46683
2088870
42201
18517
125952
5218629
144887
65489
35617
71758
173597
9327853
138268
227974
38335
30247
97288
109067
87049
18963
225828
75437
73240
217691
144961
89034
29918
206687
71646
9780
61224
372985
194360
31257879
185233
50462
79829
220268
139273
23264
62033
548188
17186583
331457
29043
35743
402852
574943
346785
20876030
180992
265487
92913
20748
316963
340105
7889726
171506
220816
52750
216313
24859
14135
228316
231493
197980
8503
36669
43809
210789
306779
11383
259206
27458
72256
8693
24199735
111168
332550
20631
371206
119035
115234
203783
104004
129182
15947
27933
10824
16487
210485
827462
43310
331241
313035
53539
39780
8315
254554
247165
61215
340986
90594
631683
310634
77487
67623
401129
104231
43497
101506
276811
510053
6859632
145425
407881
402786
84417
309923
118884
151224
57912
23141
272464
103318
328552
60931
34627
543993
174088
23865
101346
285172
61763
220915
97581
35703
137375
30449
30072
14570
232548
226318
130181
285736
12769
25478
273813
268757
647630
76591
51020
53589
13879
240846
114248
74265
173927
72472
51674
29681507
95343
66179
82138
88571
10728
34600
55372
63198439
188247
99204
68539
70256447
42285
78784
238834
9296
309306
87095
59942778
51748
234161
75104333
214953
215053
307089
9963
196509
325579
60245117
70171797
35831
42500
123306
68399
55638
252611
49603964
29177
132151
14516
35159
24267
21107
63749
198330
161486
37656
97633
31719
55047
26470
82280
89984
120427
21183
139875
44162
119403
99635
82021
115824
29744
23545
165515
97242
157183
105997
35922
30191
269634
36588
55521
141025
71559
140853
54586
228581
69751
12846551
63102
187897
23473
30613
58900
13828
55720
46884
18060888
106411
76190
107095
141552
139058
42365
145151
12059
82233
47705
19250
12684
26187
15903
43191
25464
156679
72457
64711
17830
33783
15344
203526
283735
88522
23126
238313
73163
79262
66856
364096
120291
240940
34476
98316
71453
79928
31468
292375
864434
189081
62082
146293
76212
424289
327259
9881
219819
9431
55921
229003
58498
19243
390606
57961
14219
55775
41477
270438
48868
38002
59507
37541
41778
76829
158879
15065
56689
9702
31937
30328934
74028
202875
184821
227726
84911
30501
18403
39941
79746
159031
45434
75624
105944
147328
205401
62505
32162
171911
77043
150143
36624
99269
153294
58473703
38955
1828228
836145
848087
820941
21686293
174961
177110
338717
244928
87798
168912
70975173
29057
71847
47918
33978
22293
23092
148600
18682
67571
40966
49551
36639
44928
14147
52637
41480
25951
17267
16817
49554940
485511
286691
4200778
41652
724617
68829
141835
89689
59682950
131219
178640
44896
103669
59300820
24791901
31794545
106554
96023
8954
128500
8437
38480
252659
17332
32527425
48298
1894893
22604
64673
65139
189669
14732
133589
13265
38848
203142
221273
14096
38855554
192097
10782
9346
228903
35892873
74968
84075
86152
308294
119499
21620
111122
582842
143721
31332
47337
39785
11947
20992
545040
341666
96774
45256
32351
24342762
140930
114969
114070
46054
41204267
20391
49225
156287
80374
8678
96449
11702
8821
15649989
27431758
53729
9424272
57139
38211
433365
36426
31020106
117851
32377
31313
60769
27398
17863
187925
106967
1045482
26782570
844376
546783
130595
34972491
39185
25427
12038
29680
155420
138602
88052
95341
215119
77262
98904
102921
419194
55489
208059
34671
64458
86203
79852
68636
6319568
99286
74373
28118
44695
15644
8727
24035
122256
70510
42549
83621
9062
27788
44046
42801
166354
124318
94225
148581
54062
52190
207106
48961
37511
53523
23568
75187
83531
253556
56998
52852
127809
20016
49081
74258
19209
67677
71005
53425
37046
22699
9569
76980
8558
62078
156318
440198
369875
46289
323487
331132
257674
243408
105216
35266
62183
147489
30681
26166
19073092
12631
61590
212045
17365
147937
144120
71237
71961
88839
38555
59438
59608
142156
60430
51773
16580
10929
81158
74513
364051
165329
153896
298636
86646
186031
38809
626036
702547
201871
12485
272071
11760
145566
102839
40074
113593
105535
486369
18477
103214
8852
190376
64041
166001
125028
124179
18581
157143
901534
248146
189352
86866
96120
43582
51723
14119
7983
87524
46554
42233
124753
36637
98101
693527
473274
171465
335173
7759369
178493
8381
242872
134033
2379088
474787
469408
263165
275989
277967
189865
618565
1026402
23868
350685
222881
881061
466360
430165
428974
169905
58930
29404
747537
191530
348677
183692
177953
67632
11482
80498
153167
35868
141743
35688
123570
113086
87147
117664
46791
9844
36583
31650
93154
61951
45735
44196
8932
18743
68288
1079871
25596
17682
27679
19813
96635
12101
10246
97628
63076
22562
159450
115423
134863
72368
214894
38927
128061
118352
98183
39312
62283
25966
22689
18803
95305
35239
127977
12072
89656
24760
41194
300880
282386
32484
107216
104987
80076
23915
238888
170235
101169
74655
33808
110257
192674
175116
17468
24863
125850
8797
70997
15539
123402
64449
9937
73388
98349
219240
99319
8686
43717
291975
67653
227468
951395
23725142
80672
42102
91756
49106
87270
77322
265978
266464
120249
27183051
16677
48180
314837
313506
137084
39564
58164
169751
54346
32270
246534
182033
48424169
503748
166739
216146
529356
125918
193857
275370
151908
27009610
25456
156827
152909
561667
334776
277324
551527
209043
424072
309762
813051
160619
42202
552827
143449
400538
160739
11298
62913
9827
301801
100052
181152
179627
54458
131228
76541
151121
60317
57513
49869
40827771
17346
66401
108503
37377
36397124
85662
27643
112754
43754
1040474
219791
65485
8751850
9190
44887081
27191498
219883
157197
61517
100268
41676169
113096
34933
66980
12349
37832712
28210530
33451875
85073
91397
22573
27048
104414
83289
62033
222618
77212
114920
314278
466880
710317
58086
239706
180829
19546388
32832293
21307
54993
12946
127011
21574823
85797
351191
4852755
422249
28395
55022
12657
391288
195730
160319
9566
319446
316733
79264
71694
8341
56975
117268
7528282
34310
74229
27084
46498
206745
76364
125986
20400
8986
84914
11499720
81892
9867
92969
60913
9240
23279
9930
484571
23938
372349
56692
49290
35083
25504
175363
61969
219228
135362
18202
14332
62626
214467
429512
25548
78089
329172
17611034
213960
22085
52695
346070
12464
123566
13622
28962
14972
27251
38877
35422
98546
24480
82943
187402
51220
45079
22786
61392
32834
6008638
116227
87138
83208
170537
150730
14287
76211
164114
73368
11552592
273964
27547
155898
17733
4358734
53490
215479
14145
31635
38734
620184
11771
2661369
725481
139393
140251
44334
132449
115865
111169
8164
79119
57758
156697
34386
40317
113595
20218
15542
143429
413888
9099
81892
23196
20056
223145
31557
90564
8044
44436
144049
55184
143534
82081
70973
26072
24892
70738
39153
41614
18911
19809
4172955
94388
77186
384591
197913
164887
77172
100629
183961
83004
218190
138921
10880
39834
119136
124398
1608078
51694
42432
194914
67357
30849
25037
8810
12881
18169
92204
62433
130836
117939
211459542
180837
151041
74915
198864859
186566
257589
144738046
196977994
247213
100729
246737
21553
196371
300282
74547
64913
314123
549409
234209
100382
1101442
33720
131236659
163916896
536709
14039031
67819
17246
22823
842824
478398
303926
297934
34698
26960
196736
183032
256079
193802714
236390
511218
62899
30482
190467
292848
26773
136663
16320797
46733
121529
85283
151429320
123515
69925
150341744
184177
40240
29237
54114
9693
135785
35328228
29032566
68497
484197
148422
142766
90235393
140722724
313835
622768
345493
102206
101770
162321942
148218
156468
124396621
33956333
159885
195979292
159122
60737
189884
65030
182999
136884
641034
32552
230399
219987
215006
100395
655470
50502
253363
482250
293032
161722
82289
59989063
3765036
218119
21849
98424417
349417
135004
28233
15495
126080
20545
42845
89660
178532705
20617263
51175
187387071
44018
331719
108164601
311652
82586
57018316
35081
33489
120027
112111
13520418
688302
146048
180895430
13872297
108790334
897741
20505
75505
196149
189155
235172
342751
185158
115305
130842228
104269
297432
215501
19675
170364
117454
60465
160618
45205025
128471
53384
339130
164860
97024
75221
158894
229071
156300
71930
346166
339981
37223
26485294
306840
212256
206530
81650
58032
10124
286441
188270
22788
71300856
8034
143249719
83548
46392
270959
8890
126161
346741
228107
64978
160382019
125200567
246112
90887
87471763
140604603
2954907
362911
32357
100857
176130
147919
147275
151925
16143661
15527
77499623
31101
93166
100892
40251
64914
89520772
119927
168733
99652
122860601
173662
119985776
21725
64533
19227
1685692
169145
13233
125019
251760
117072576
1455881
65960167
423775
262425
207851
14322
260855
187218
141501
151530
46653
43833
115765
3266715
85669
564051
464774
371303
961479
918424
463366
838872
194546
96860
46707314
78915363
37021240
181325
295623
1643722
889990
52183881
8927
138332
505215
10444
114498
27599
224740
536653
80220
1324161
13280
100642
221591
103719
175770
71747
70395
85336
260345
451635
44323
1376470
420831
316478
27929
77793
8926
48936
845787
721966
713650
7993
513303
12479
46354
147966
220216
15937
21791
191786
352669
361936
149345
25497727
369415
1060878
74594
17326376
34961
270047
182446
22477
303379
80303
302255
33403174
139328
84104
258966
205709
223219
302757
828474
219718
188723
55562
330904
33011
20581826
257429
1602072
330727
804339
149945
10009
781170
80418
376750
25646385
964147
959593
58347
181644
147865
2422404
101226
201928
104638
199064
28850
116091
302156
10455
97356
127469
49999
45307
20956
100308
504656
225447
42005
34060
291576
289186
225299
98123
106788
360051
64665
12432
608963
454200
244471
128761
151769
187617
36529
162291
139355
15985
75434
30322
66566
48273
515076
74366
55671
222448
12949
18126
20521
1259143
111549
542515
225369
461455
415826
401445
684184
717224
478762
418143
12976
48167
105278
414401
70698
75216
56821
17775
81762
396885
227908
156514
63387
29665
23303
224839
268014
64917
488602
86346
30847
106926
64022
51225
68962
408433
31579
18052
15805
11942
72891
158537
39598
115209
197467
8656
39683
145479
129134
436882
569004
602952
136079
359877
247222
720975
94023
26416
159476
182958
48987
16039
232783
241358
393976
43869
71881
257667
30361
18973
379519
386654
8707
249802
22489350
68695
63904
22595
130847
558600
58517
163211
65560
67856
13891
99554
80614
105252
173376
107583
89456
90467
27195
68132
42763
195948
153884
80141
186607
50938
106181
46835
168847
168285
21588
9070
274664
78895
8426
169117
101957
332835
428406
23493
233835
51533
12937
92194
71279
25951
144021
25229
59749
162475
38946
165686
37991
38410
1231449
242876
235869
70659
221472
31250
28016
99699
407968
314640
196552
75372
76159
178250
348271
956752
895194
321377
198883
269057
249688
113970
11382
25744
63046
237101
88306
201393
12493
199615
14483
194032
42417
71437
199924
87463
123303
9735
80768
117612
13014
44791
607168
86581
443986
57862
19300
41842
123019
31151
91013
12355
47601
424452
347918
243457
252543
15497
84636
68260
555186
2919642
146008
66603
17827
85833
174630
24740
37569
158481
67645
68474
56714
66621
24224
326222
17110
18239
167694
193188
282317
392578
13805818
186528
227489
172791
819231
185418
136978
21699
206129
65694
9896
68423
225220
29820
149112
356972
119578
124456
140756
74633
19970
121488
13568
13735515
100308
70489
78886
51868
310529
280944
82540
92570
303076
166615
16201
124702
138311
59708
60700
277550
192534
43937
58044
173287
114109
16189
114743
26743
25899
16666
301091
55320
489991
209321
50528
106006
18688
64409
243736
19579
87496
100012
114892
63022
19441
15359
797568
410828
70910
44039
88044127
105881
149690
26606
741516
35795
24803
302021
41832530
763359
102477
134373969
114180
169393
19106326
217405
264487
200483
93318
17306
109107806
117792
332738
141850
41637
175182
820520
129704619
60215
1382733
139444952
25550437
344956
396269
111324
617245
112680
128280281
497944
36248
136439645
369282
6464605
565123
462616
4135249
140929753
120986
290202
56464
78408
156731
223542
149524
30615338
4121600
290050
8217
16595
207516
141051
36295
22247
19233
45930
534875
29813
166380
118263124
27181
310262
317798
154022
57828
274310
85691202
137792
73654
221604
45632654
140011
221337
38586
29904747
103512
10854
104556
151253
32027
20563
21854
36965
772906
137674
54940
51576
69980
16727
119042
282055
111990266
35072
559186
207113
68884101
50533819
284861
125226153
260843
52012425
135521478
31644
368690
32743
453567
22167
41139
48648308
99956340
408548
304481
106096381
255741
63467
1588671
23111304
62507
108567788
148286
156380
233549
12499
57603720
120568
1167659
120830
18595819
94486
1228761
393254
75510
30609102
89213240
92665741
210507
85040622
82805
644077
302378
59209738
415301
151823
85164909
271735
158072
98788
64520
71852
156324
217384
647787
177534
95977
300805
397221
81240
255773
39573
15460
61792
24831
34936
601669
3458621
25203358
798989
152351
206952
142766
290804
174727
88415
24116
77022
41071
230222
36120
228451
8862
198626
67151
13518764
116751
213047
345596
41817
22885296
113957
275460
38833
339452
109479
262638
234323
289733
653359
90837
294661
45354
158535
266860
841168
58138846
61466
328543
91938
388594
293905
193840
56038
70562
1277724
151750
137657
130045
20031
60608
96090
210408
317308
137716
18910829
84577
29532
131619
12100
134269
8151
59681
56850
126024
277767
175635
214568
84923
336939
9333
66532
41897
101481
126433
100002
1049383
370451
445308
417749
260426
173986
50091
552263
121984
80652
106823
54312
140418
978751
208466
344825
64252
118488
25798
249810
254706
236238
502654
311874
133501
118619
4401059
13508
203332
47699
335853
190242
48302
77837
70723
41847
13876
7429456
66825
216470
783307
75487
131093
32431
39542
12783
341082
91272
34842
264390
285305
256435
17603
135969
25210
75646
263111
100559
163438
199289
58839
73685
13961
534845
71126
101277
577238
125800
9570
59030
202462
409600
327425
160467951
70533196
151815
68686993
161472322
19354
14629
170912
76793
118581
37464
172783
153703
36950
1044520
479480
149376855
136837423
696077
24370
1066128
270249
186275
14345
96388255
97290
78456
76767
89590
22223
172717
296832
12942
148743
748961
9740
21041
18219
295782
109630
108845
20870
746210
36839981
50458397
526772
608437
5802811
553359
516252
312028
7567
193443
55516
124997
295973
155122
290573
70108
247111
108132
232841
220093
76968601
796091
56172197
408100
388267
732277
351968
142500
397180
11907
159776
268247
165112
44897
473417
82420
1195034
39138
73457705
11887
64875
278249
323984
45058
330987
194691
235799
172968
17412380
123686
520254
327250
417845
130803
276988
132155
228426
150968
170847
2922354
384476
44178
115741
273613
328470
558154
94980
487586
428259
433696
110003
117372
10482551
288990
18073
36395333
32065
47376453
128087
96977
13786
11332
491214
234995
96311
241033
212954
279822
40594
675471
432460
199214
280366
239440
89497
74081
146592
577085
107175
1650823
371651
605054
538673
392451
500288
37004
230508
461349
178524
198013
24639
108116
257378
83068
184539
165130
82483
220767
62311
354294
198660
182757
79818
177502
242172
292873
282422
69452
11956
10477
177665
113174
61364245
1098307
88687
29630
173670
26566109
30321767
109935275
117719
83476
221622
4354143
375269
134667
93469
111337073
24086065
93000
152140
20882
365431
117950458
110435
112481
91199
48697
145550
1157625
92260
1019740
788119
739212
42109
572979
76177
370872
62227
82827
24819
70394
62867
98354753
75203
441860
1093897
39304560
227739
127071340
57536796
54161
287097
224427
131563
961315
271703
15054
287822
282346
142918
115927
409977
155512
12125830
110353
10551
561646
381086
56721
1025739
1768080
89949201
721974
313788
529702
502037
190349
28287
154517
231146
213541
71615
613276
591820
98561745
187716
203316
57162
179507
362856
294947
118970
65128
283331
39920
84788
402118
301839
71374
580283
19350
62065642
718581
243282
923269
165940
1537053
14870
220163
55124
15245
124585
84121062
141511
136197
74032
23458947
61781
743266
102622
374819
79590
258212
166841
293224
50271626
33955735
23026
2174723
133642
12256
14056
425940
86505
153005
179775
988868
147467
144353
41552
174083
227608
204296
262195
852261
193832
180500
424637
55545471
96525
58672122
193532
240053
36185
376930
33794110
239575
19136073
833264
261814
138927
167198
443637
32610
174567
292098
149880
285320
862213
229838
252428
370604
48758695
320674
38416
114812
184747
293369
187523
66846
12479
134671
62563
75174
148519
115015
91568
158183
61154
166865
123819
14211
12463
202385
29077
80852
18235
159617
145279
39744593
29364
163184
129631
14199
9760
97912
39583
620634
190842
58027
123954
97050
73369
103869
80996
10320234
240252
233548
39429
103962
11580
17740
124142
258332
53109
129489
95102
547477
187937
125718
159995
167382
821937
527475
143105
185952
114952
352164
124327
29297194
113577
83900
38801
535489
182003
44905
154257
79031
50726
247461
122410
109288
193075
162408
18722
125068
21616
363747
46670
29431
113312
32698
15224
75997
131575
214916
15374
54517
179544
59962
121316
1207652
295913
160089
152935
65297
376830
93207
97966
45167
39454
155939
97766
106475
30211
142685
310282
45487
2908644
1865666
10173881
939833
1836932
459337
57927
28180
153142
19219
588516
33855
245832
9694
155018
194233
3531945
9314
49147
589372
527183
107951
165680
228307
186472
220697
190159
217812
54047
186205
61519
160118
8602
351863
408358
56197
73742
166922
121226
39114
153648
297972
41865
196281
182888
31547
116568
22698
45656
326997
10380
312364
139864
115609
24734
8656
33901
599818
499762
63062
56759
44589914
17388
53243300
50970
244476
185127
259752
141376
29575
165002194
321594
339577
41395384
1446477
12026
221314
624098
32540
70168
315438
309658
135173
74341921
88583
14954
105627
23658
9531
55245
24509199
239106
437041
113080
123975
90063
170681
277757
221878
227575
30511
630147
51512
134440
16266
119629
38992
58224
113217
56001
146678
248552
128284
125842
99996
34619
49085
40558
50007
66885
76419
260304
109008
67614
129562
8617
112857
256778
386271
251199
33536
28928
155072
13446
20856
85047
119731
16476
32811
185437
178804
148755
270609
220291
4341469
437506
329635
12264
257455
242920
197557
123685
31333
15584
4887859
73468
92192
90160744
106217
104041
36648
38900
18364
179764
10012
5740127
5022529
198259
141917
217011
76318
136061
376923
182126
213624
73447
235969
50098
45871
108798307
66896
221919
411142
4701915
731966
90100983
318867
88120
462943
249628
249655
457991
89681
803809
332095
319428
784765
345313
447598
11038
109161
95612
941023
351358
422566
432523
309043
2501036
37476
286592
816087
1416588
254418
109900
550710
121843
29205
549184
240364
530932
9843
421489
9101
309615
101039
292758
87952
348053
37467637
32039
211293
167050
415439
250483
369053
436893
444404
11811253
166049
46864
242350
130127
231874
98839
177341
28703
272954
282494
648583
375191
236398
24830
504688
130670
351844
82400
13017
32982
462485
774455
171495
21893
237508
219667
161839
73856
172087
471031
12764
952339
860169
377136
66072
6342520
892590
30586
201169
200942
53033
435344
26292
33807
314693
34815
199496
81383
129882
72173
249279
11468
112217
90437
391022
268028
65549
434110
46625
137791
109416
70531
366716
154252
143969
726971
56365
206537
25192
179100
13890
44644
65591
202260
111934
71010
236118
209505
63825287
10816
57758
47791
633352
535884
403861
654914
10587218
229238
24871
135099367
374499
132314711
111236544
4862540
602816
384910
342007
18299
27102
271919
439215
93112360
69295
131101
464859
285719
285914
84307128
295008
784385
123792
461954
161874
289728
254863
272313
5354010
73963957
724861
578626
899865
107153961
370442
169115
231778
15268
154114
63983
65313
294601
115515
42626
12384
174144
183787
88019
260984
289957
39368
10883
26864
275709
119893261
207229
62377482
116897850
121803
372607
693151
32913273
748327
12814
167109
147026
111253
76169043
20967
72737
36508900
10069
1197919
425233
24668
84357577
91163
552807
374393
270009
450487
276056
60081743
141945
93925265
282957
67748
126917
5650593
904110
906743
120932
28994
151400
134941
187831
125561
6638858
147116
10806
70677
107966
137471
746932
21808393
24284866
358478
71992
217263
375180
1258374
233344
534591
188675
49112859
289459
187028
17550
85930
117967
17660
546439
288434
274994
115247
57764449
48239046
64557
566300
20067
70450
81269
128971
600877
654506
561311
508061
11938
320394
272312
188773
82966
165901
142413
140914
18063
90908
53192
19867
57369
94673
24450
62215
52533
31595
26507
15577
271194
669825
131710
45375
37562
303267
636509
256104
190099
88555
187572
280368
135086
94225
96652
144775
271872
68443
181264
1642417
360247
892827
641004
396662
156932
98235
33159192
32293914
24597
275681
51694
178550
149412
514286
377655
19109
26774
700981
146277
2741868
25213
28766
15740
20403
207943
103472
40041
453307
135906
32757
31013
114446
108197
79180
888715
79881
23614
62400
435602
76926
76530
29697
88811
31951
10295
264176
183837
363979
70642
756674
110991
503446
383041
129370
129615
133481
23562
461559
131723
177110
27609
207416
26625
130377
59305
23750
435097
7430296
24879
22706
22215
1312589
15730
98042
32266
10455
47148
177349
57941
239744
183832
66291
430978
26795
165645
153464
388021
1030447
341246
674857
61038
40341
280317
66660
442289
26892
41841
11803905
622984
207225
122917442
50602
272383
75854
21665504
101382219
224241
107029
24715
376836
31764
70109653
536513
92700138
51840989
320508
161790
45254515
453233
355485
253879
349613
59490
142841
41257
36480
13305
164905
119814
93067
12375
12983
19614
16322
152960
52579
35205
30037
60277
268384
439003
101179
28160220
34875
305300
91768592
18192
159002
503935
130454
10396
114208066
205125
221594
95207
165517
153999
291944
200369
26506
61853
12734
328557
53777
11276669
324050
321369
39815
20669
77387228
236686
224237
202962
50142
123881
63947
521586
337002
310377
205952
25495509
141782
740772
42175
156288
143249
128935
22530
208210
12083
155170
65649
97789446
30379
39312
64264
262410
187033
17411
15690
93452
676879
51950883
2349517
70587
498749
247427
397870
181487
409860
482541
175907
330012
104389
369888
19502
48247
963695
17992
994345
810256
532065
75486304
191542
382116
61341
52394
20594
11236
21034
424645
31960
971152
177344
90780
526987
61086
209548
2296903
97273
204208
344787
112788
86069
328739
9064193
235276
210004
20120470
58543
40370
166330
38268371
9735
219877
69562
160688
85271
82419
119515
874791
666631
242128
91597
35016
22902
197197
48120
142652
292085
417551
71849
260068
61806
67650
186070
161559
154865
185929
37925
437741
572557
646710
334232
364462
21172
91329
10651
427372
795603
438078
375436
422492
712197
258598
258468
306083
294514
197629
331945
8111
68625
17894
171459
21255
659637
616975
64252
387373
154260
11001
264856
268523
208450
265882
397622
425841
206192
371427
93617
145706
14633
10415
14246860
71553
41572
343134
34751
287007
922997
154999
558350
295682
262890
78889
207226
1808271
403123
209040
903437
607735
92943
198543
199660
172088
73353
253005
86707
140785
75574
56637
50876
152586
17816
15801
130975
8320
61024
17265
86394
416203
161244
259318
122990
9721464
18599
59762
60961
150209
87173
100037
125775005
167666
140667
369331
8410
9560
196185
395282
20126
2762161
120262
140960
187458
457641
69536
493754
414627
112074
98651478
150119
95455563
86284
54445
35379
37059
101102
75356
36304
50613
121332
89388
224973
195984
8865
23505
16085
93955863
76847
25553
19105
43439
36218324
120870
28558
34703
211687
91633
123473
82492
40993
129450
266797
178731
164770
359251
154775
349484
70705
275208
175844
44362
497387
510613
455152
246796
257507
264546
278414
57860982
41571
61298
13716
225047
342444
41861
35139
19976
1370176
74557
339958
88108
270303
13169683
7968
190687
47005565
8101
28105
394254
26038368
533168
45016
910215
160045
543699
766649
336725
66965
306498
110787
156058
8241569
12383
84925
261897
131166
491133
323972
197779
12420
187290
144944
151245
189369
71222
56431
391730
15881
710571
596894
63934
108511
185389
378663
134412
162909
13645
788580
27823
128069
314004
325740
246771
178084
23484
706678
53393
222217
256530
141273
623531
155517
223837
72945
244661
248870
229692
169978
106957
101307
574917
1067115
267342
71711
9231
2525819
94166
48976
106645
177737
56109
82065
54014
50606
49021
2729407
459785
50780
44164
247137
140637
60976
136840
19668
42189
13034
72051
114177
64440
49762
85768
33748
73292
33738
131695
194810
27415
175476
12690
66926
27079
8576
65379
85001
53728
146040
53264
46610
31948
485620
115122
43177
25261
20338
98152
497447
506103
99022
46421
300593
240615
103594
291066
81688
258443
150281
55807
24477
142386
157907
41888
49653
43734
22637
23274
127826
104139
20256
22208
18988
48468
144538632
431188
234239
101723
375629
10853416
89083
118756
56098
94678938
27411
293668
212163
294906
1197987
206228
22715
120476
65445
182237
305330
113731256
13842
214037
67230
1029674
28325
237061
73419
175954
121650
18649
241382
191211
63877
171057
37400
479626
83909
112000
14503
186658
19222
417743
147106
166457
13745724
28103274
463485
66607
65498
102137
100019
130731
50730657
293252
527529
300578
330720
318590
177150
433301
37083888
100219
38347
50191
183423
14306
148120
225089
41391
84824
310245
65818
294698
9961409
1668037
149388
405071
171269
213535
249577
252287
402096
18034450
39488
62047
157327
10836039
9228
10736
272085
8087603
194964
2121469
699725
701411
48097
41964
382061
1073989
126201
277518
51551
86517
214146
607772
308967
1237150
120457
232526
208840
882546
1063746
879131
183351
84954
120705
33719
