168816
22851
123706
26666
55162
95712
332274
188662
22750
83705
46923
55607
305514
344642
17969
176181
40965
137961881
94487
59360
229761
119842
132026
202602
15137
163983
298058
427383
69507
48662
107225
41236
64158
59621
79245
24909
56516
52099
180651757
320963
317977
19887
238258
44794
28407
24194
174339
11933
85798
138980885
57428
102403
113564
120454
160741006
98064
110746
260804
81837
11072
120827943
134215
94356
25777
218533
21591
289263
285163
321674
302594
293576
277950
272358
141493
110174
196469
51174
94450933
136293
37676
1019210
61175
113569
58025
462617
81780
406681
217998
80055
15050
13631
472225
487650
156317
226437
226148
943815
366658
27870
545232
93436
99466
145856
90275329
456334
144256
415760
43558
91455
77937
268510
272468
154091225
270159
43862
117181
527416
48020
473165
174239
10591
81401
19684
38735
84154
227439
234809
26847
257591
292898
24707
239234
92618
58809
312366
242193
263715
173568
21114
65664
166541
84807
57290
27961281
392677
59394
101231
92917
12692
270023
38751
144850
54391
37204
21563
16574
34082
8991
40968
74811
54842
20071
18490
128649
27706
12012619
31645
58809
52997
149974
144023
121339
9036
92031
142638
84586
62058
112670
62255
263537
155287
47311
28662
375542
75334
745061
66830
29745
117582
481446
125800
116840
505906
107425
86214
98471
45360
82255
192369
364577
16247396
225708
51937
55005
305484
249958
123395
348839
151934
46651
32329
76576
29146
88789
9700
239456
135223
129490
112902
17736
15328
164456
92763
28246
254629
145687
151123
360958
225332
14656
280302
85900
19096
44125
24619
34531
78028
56295
25519
276604
347757
15695
47656
66531
27999
230318
130797
77030
890796
331635
62042
21336
50318
87941
241518
878518
865181
2888426
19619596
145191
153366
560976
397988
977277
217572
291295
204298
141562
140909
120026
289846
246696
98741
98437
13407
329560
41784
30250
180896
142148
665079
411585
74565
193550
434846
49573
197774
241566
71484
257034
82621
32631
83549
114522
103974
89904
64767
134335
53353442
1615029
1001026
11989
36779
141187
203818
14830
164000
32854
22076
11881684
27782
457848
388033
372482
79445
28286466
149001
843172
809903
795436
683192
452719
256903
73119
55068
1056651
61193
99520
142445
176868
43490
123828
56774
63819557
20579
339166
319454
66020
37065
27814
315414
53298
1213809
170497
76832
117202
20220
400133
339310
106784
320040
12745
99721
109990
168697
68524
106816
45312
388998
132338
279729
520621
25922280
194757
37276
778056
23665
44469
8310681
475920
127722
43983
127878
107429
188631
692925
54530
282136
185205
131843
87696
7167407
162952
112174
52631
202617
31402
323771
74334
61385
114125
69039
213267
171139
87589
44539
56418
131255
32213
51664
103262
36543
36229
93391
25987
72245
57745
74317
153791
268706
166013
49069
12157
19340
14599
60408
104613
69486
657621
67085
97453
80419
156871
66519
207529
34773
34177
24570
42214
306245
55329
270860
855329
19565
232796
102326
703778
282034
79509
239138
207393
26353
665381
110917
82734
50069
125013
223123
130035
40094
452698
939921
82523
60453
231649
185907
82587
152110
349539
275474
254677
222708
8024871
160952
40116
165247
22282
59909
79148
116620
10015
84323
66085
43996
66753
58364
322240
39453
251287
55084
144447
59639
50428
45603
119037
148467
115248
100063
57321
298046
58244
86716
144395
110932
224200
227611
93217
205615
291756
351616
299396
11461
94971736
2603099
229175
9448
42747
83315
90829
467215
20455
523849
181902
131487
110685
436433
234250
359582
171830
58170
893963
87318526
272927
121069
479382
436745
134733
24369
11608621
134595
56934
191764
150200
26178
83564
38249
29878
165375
63330
34020
41409
36676
54387
110765
29114
42812
60258
49302
23306
239430
293582
35270
53932
23412
19158
144430
73738
9615
30429
13978
333945
154515
116245
104664
36981
34105
25962
130036
68987
165617
191179
539961
14000
169690
278258
276965
168399
265463
94106
87881
457743
317952
51606
9876
33168
17349
77932
63565
37388
168191
311774
48036
82223
311997
57897
60453
359760
150301
171892
147715
3640351
21214
696165
48243
27695
47345
29337
208282
140692
311420
40932343
4477101
177629
188824
112557
245471
101072
393712
59807
272442
117071
207461
227803
45497
232179
145659
73525
103189
224745
103037
92892
57182
51774
297399
58246
39597
130736
10301
223175
167416
35241
273874
209073
217796
609291
136850
487362
29063
41957
172936
128090
217174
111338
46576
52251
70859
110101
99015
105444459
49247
130106
134130
101738217
231953
15405
18773
187963
9523
175308
30279
375997
117440
300457
83962
65467
9937
55319546
62988
104010
108040
127514
144361
581672
119552
11297
72013
24303
229040
12714861
706424
378236
45866
43484
299337
1074589
29151023
80828
774941
157293
1404232
339141
380903
205146
119433
258246
76999
38603
61699
94270
367052
29596
21108
59186
44296
90722
21625
136850
57864110
144574
117674
21287
69089
22013
10904
48686
41642
115870
197821
164533
63335333
89690
67617
28643
14380
20056
59632
26591
39562
183485
19841539
70323
26660
208568
192223
175473
154331
143856
104351
148161
18737
23785
45842
256074
21592
302589
115287
12869
104688
30313
37431
24324
148349
25389762
23307
12215
46438
152433
10105
76082
1166958
194390
33726118
69178
76741
33163
698306
89212
70597
72429
321815
209331
129169
416675
587350
276214
31542508
66805
152321
139995
175337
220862
66689
158457
18045
14903
486352
89547
504571
11043225
24106778
420832
159078
371734
21349
404049
390124
344263
2071485
839490
513039
510474
1398088
154962
349471
36165
1187884
1685566
476189
194081
53588
211720
72310
392161
117667
272393
25454
151696
11746
730231
159293
101368
47440
310469
240775
380749
147229
97507
803310
13686
480546
93570
50198
251134
116487
115185
76210
30910
115721
10108
121493
129895
30292
132934
87201
43809
24763
45379
15626
213468
322265
125486
641668
618178
190059
206840
34798
29467
141092
65465
49921
68200
85028
12551
76141
86042
66242
84842
347758
127025
16225
57273
216561
139613
127896
44163
233146
2973696
218588
464752
312367
117238
11992
78573
125910
399912
212357
116943
527749
118246
528388
942443
66368
446812
312675
231600
50764
40667460
31674
23182455
786017
140187
341827
20995
920240
184528
129629
10439
36154
290210
657234
574456
388334
451051
329669
409728
77627
273494
11033
182354
18636
38435
33981
101335
15707
45600
195557
46978
25809
20390
67611
24229
95214
326465
826219
785517
77069
741761
157028
461087
257551
42260
272568
9386
185834
303592
175196
628305
260345
136496
86472
623078
229004
789561
157640
580545
40829
1036698
626785
554284
364685
415738
186982
151218
164374
268996
49724
504047
125535
239686
248587
109958
240506
32557
909830
60896
26023
112119
23378711
194482
649066
145759
36812
131601
139367
29659
40219
19049
92199
806367
97118
119430
500630
152345
62900
67905
258013
180554
59459
85768
44031
256892
192366
95447
76426
45971
228330
237645
777497
384262
723969
63683
87546
14156
214527
19086
107431
25152
106201
79511
149025
112311
44580
41010
70911
1864749
30219681
50090379
50145
44293
117321
110458
54547
45909
483140
10864
374410
67328147
97457
155176
394062
55244
58502
82244
109038
80740
8853
70165
17745
120661
84361
162317
113560
104231
101460
134203
232588
88157
200013
51554
116836
21182
511939
80957
107508
92142
87764
87210
435162
146102
30849
43183
27403
313531
46823
69283
151003
237382
47087
114827
67977
98755
12617
258409
14314
11044
24292
34879
50769
49440
83766
42943
315167
22019
247393
236894
243874
121960
365361
201749
98405
63721
10246286
9852
141744
49133
8989
8708
26655
150381
5944910
29235
28328
76330
64720
115202
63396
168874
2219367
118716
210651
143062
99053
241599
107141
19896
89024
51287
8811
139845
95428
513914
318976
116607
182453
101645
15957157
596491
67249
50166
70291
94196
49592
213577
208387
118730
680858
30243
138696
120126
48494
41609
55009
137660
64717
29744
616828
114189
22849
1086193
11476
409907
180337
129325
557869
191886
23208
97339
61986
244303
44880
60202
119253
26849
32184
36764
47670
35119
57253
22030
189723
25485
18618
16546
7662
227769
68744
293100
244720
236937
99045
11179
30863
11637
284479
56693
453655
220025
88040
98633
29741
188537
270750
16741
21148
50585
157174
127954
29471
188789
172910
100744
101440
58275
83733
9012
39072
11137013
24249
86364
24403
33033
139716
22703
315556
167754
135914
11285
358270
138964
61319
76324
68515
55818
9408
46458
197943
52510
30719
702415
43670
90236
56279
399628
66100
8036
231801
216096
136875
169353
36016
57805
42291
167796
176931
20845
10345
45608
107887
74904095
200570
138767
128769
11917708
131934
22615
180209
27051
19021
57886939
62512
226701
35323
56552
17509
178785
11991
10344
24758873
57430
114538
119556
81336
497165
75438
33861
123743
29458
12900
234974
50483
50845
34079149
318777
12891
768267
822370
411067
92834
25423098
237862
27871
76128
66280
107913
77375
22169109
34300244
29074
176148
166906
39270
36451
199000
24026
132174
316563
292927
164256
52823
55252
95299
89357
23995
76817
8931
14935
196912
10564
50751
194190
69543
22515
70784
28153
92495
24332
10483
32676626
191677
116348
108619
119412
100224
18934
107546
61052
89899
47532
24039
10097
36173
10751
24327
117585
142803
22999
420107
30204
55786
94158
25499
76836
102624
17692
115957
72218
55721
45669
17413
135101
35168199
77844
30648
49881
179041
36094
41145
150466
12287
142478
136626
175340
71038
26296
35783
22903
22384
221149
92319
12925
115037
325621
357414
355859
351010
69238
310829
9251
87456
17969
71484
21679
49123
81372
60914
79886
19225
91299
114461
98474
17787
103607
25752
89300
50839
236295
134325
12484
24386
294228
115295
114053
63946
25962
504555
10200
9367
46796
49474
30399
30009
69214
220229
128162
116804
219244
217182
437255
389324
387847
70414
16581
148290
253450
136144
3301270
73086
756334
933527
500516
17708
418452
312152
184460
172438
72656
100529
254243
313002
8544
28422
143601
225810
129380
1053406
645581
630934
164999
86329
50785
165420
112581
38787
10680
53776
73243
9151
18880
63813
257080
57223
35529
124249
158716
114680
92733
59586
25537
10511
37413
49167
24525
205052
316658
35730
45569
182757
76375
74338
18554
99446
112751
58299
87772
27715
82174
54306
97415
304215
32220764
62759
41431
12912
66142
72725
306079
66996
346891
581186
199924
138235
157295
218875
154660
14432
33536
58740
164336
299603
312483
331198
484779
40517
240173
73184
44950
364518
86529
817326
579625
396342
267824
203514
96907
278410
259128
10724
59173
110803
265231
100491
19587
91949
79728
15296
246136
11288
141969
12769
41685
105945
30208
34538
74871
171743
80720
31279
65582
39235
14758
108456
152007
140914
14658
50060
51809
141978
113144
8915
345600
39845
133684
60378
164023
337040
45207
30642
41554
71002
57240
19908
188055
67009
240554
30415
3486378
527290
6159500
11930
80276
139991
16045
198079
187862
18107
137824
21870
31769
11433
481497
181959
17750
20641
43268
44997
43504
117293
46517
33818
41857
9190
217902
67543
16858
76886
75491
8806
26900
293087
70793
192511
46806
34805
8749
32183
15839
30291
11605
136710
232964
114555
120961
64613
21463
49336
27089
54003
15335
234559
118562
32830
31726
54072
44051
225556
150158
110765
28134
84892
176891
83426
141266
123177
15479
11328
66321
172043
91361
192476
60774
123809
43785
219281
280710
228645
284451
292792
294437
3767480
450017
177852
115859638
91838
111335
568955
203965
327285
23786
1342741
187583
207823
366091
240009
52841
39997
106824022
14841
145271
40445
152829
56421
45800
77705
138275360
22188
424270
471518
307835
194887
80045
600348
620046
348918
312131
476469
376024
130448
91981
187798
8811
159448
280496
151221
103089
10872
16273
166687468
282857
312754
247269
122383
23427
494879
371465
288677
152368
59909
12579
73923
68154
133876347
12737
360188
293024
134308
114778
184213262
54258
181697546
727694
310902
109690
92841902
161684
113421
268113
69259
183024
97159
140281
154224
122049
62923
51265
144646741
155255651
85548
37806
313518
90476
352853
21641
32680
319427
163569
126414
34827
55509
39977
484332
204271
65227
13750
78868
31824
58647
191039
148800
263313
38138
91503
10557
389646
413275
95939
115004
231027
95423
65047
257998
58967
382210
219628
64483
45031
363081
428696
125385
124082
123290
332261
42670
227494
105965
494214
581311
298209
236452
963170
263728
571491
12570
905949
617236
40205
33959
13562981
62572
340285
32045
314621
425271
416118
403718
295278
292677
134799
48136
347128
75989
84260
78947
16201891
333952
99233
305059
17400
43903
334552
931127
77571
297119
172701
269062
166711
13621
319189
57228
95624
116372
119448
89292
121662
326529
12179
130937
351681
96107
674264
205444
221811
221263
199562
101668
15712
71550
103738
22319
189217
137023
22926
44757
34619
11306
147673
243683
206923
245943
421179
636452
203601
603227
25168
9780
172988
102927
26359
77607
271365
46225
687050
118891
145539
414792
150404
58991
16377
106031
151645
273338
246674
29189
244912
33507
21316
8250
33719
50676
112485
22559
190639
144509
78747
96518
229234
52907
209014
645089
59173
66129
862969
11441
242590
19697
631147
82130
31783
73295
95772
302505
233249
115217
178906
113231
89700
46791
111143
142287
56415
36401
57404
84963
61322
56382
2418035
17463
224674
496086
91906
68330
61540
72665
88043
643904
342899
25018
256393
134683
78175
451747
104295
94550
943053
765969
149409
41908
346569
279468
175940
16305
47514
43723
125210
290835
321425
100472
95183
9214
202905
42597
125994
36326
20860
458926
420499
228284
43532
382361
120847
173072
202291
64562
427918
268516
99929
178191
423878
404235
254202
9440
43673
282938
40574
330182
246077
51834
153340
78120
70358
14698
101255
63230
136714
18600
78347
60894
96706
574750
777656
50341
398913
30520
40009
286010
73976
76197
110271
62425
59791
294990
211535
310047
112167
28400
26256
100924
58348
56645
139712
194880
43287
56380
92787
632883
58565
162084
246357
114921
66878
102955
174119
186357
101066
74564
36391
22483
65739542
401610
1319795
417042
223954
128899298
23916
124820
109721
76620
179549
336791
123719
127495
53349
229945
207085
59294
129773
323603
38126
684755
149136
820386
151835686
155395
146545
26148
613159
635220
512502
352142
161938
46692
768101
37062
43305
327759
110383
166724
509158
31037
63029
52341
101770
58785
10229
148379
153950
145564
204503
28396
55018
313927
83230
42012
113747285
122063183
77831
47195
99258
109584
77839
569108
411012
63335
185513
98418494
216518
328918
153758
61783
382652
113004
243520
66422043
48091143
36354401
856195
168008
187513
108268
163213
273992
125794
11702
769489
70777
382498
204010
58172
329518
575052
76140
26726
265140
9361
69391
57879
157767
336143
51143
64019
319177
65421
255708
413486
54851551
52467
121861
306539
145147
142683
275869
11884
86860
69712
51088
316666
360831
255365
5506422
84917
65668
115876
299362
317616
153608
58929
13752
142773
11761
1116043
94532
387977
421926
54755
216135
164485
47858
58237
295688
221534
286566
266088
284258
123487
191705
358261
76172
77805
22421
413711
46049726
987973
564321
456696
913657
251907
104803
54949
116103
181639
17879
179094
221483
144598
133286
35605
32706
974504
259687
169711
25218
51387
97305
34719
228200
357213
9843
60773
121990
170693
60573
26777
253178
36511
221453
29741
74591
739070
89132
111379
218801
76805
122215
129386034
164697
295078
42003632
23167
166896
121387
106712
305607
237880
148563
150376
247373
70613
417106
211620
246477
48017
157864
32448972
557162
377283
181153
25427
392801
170289
112305
304956
160320
651794
136481
24806
20302
446893
46501
25300
149051
50659
29457
627149
266670
112995
23159
910851
377404
42156
25925
297516
147102
43818
14150
37448
200847
66853
400338
157223
66487
486950
241534
115572
493064
201728
214343
19736937
642600
120663
244171
65355
72602
190425
90764
163387
477019
435870
71143
75289
5152348
34346
249245
56380
45561
295674
574423
79431
9205
897495
89542806
146709351
511872
31178654
144898
209582
836550
23806
427146
278339
275768
9384
115116
77381
128197942
68395
352711
1108948
113588
103080
193474
15851
246127
369093
226629
16509
97487275
84345
684579
108175
314884
129391
53695
839252
572543
87514
85449564
227836
382708
401042
394704
459005
44806
98381
487871
207470
311221
246749
93212630
439997
65258
496985
426773
72891798
508340
104192
74146
658718
352676
909398
539136
8625
344036
523273
235244
165169
268428
117148
54039
11761
138335
290049
250922
837250
615107
11693
65655
63211
838012
89117
402699
174349
82850
45916
1294690
134257
11379842
88242
256563
20210
1554532
117052
29616
9503
70997
73176
21783
31355
9094
175150
175283
177208
26909
289672
266955
683191
369459
70200
151902
107492
94729
93473
435209
101741
31103
85803
128208
135822
90834
36832
307087
62218
549833
214561
177470
234286
51040
119679
197268
109035
163310
28088
45967
90808
25226
317498
665895
82318
55327
114292
414466
38021
50307
323399
99951
209527
277124
146406
203602
219245
132548
287893
608713
162478
30986
455752
144375
13020
37427
99735
64979
11210
54488
82714
89806
430877
79084
34865
141137
371513
200363
416773
219743
73571
25814
161921
266685
336633
45848
140678198
28265
78680
27536
188186
47203
98461
14863
129093
130620
158699
64648
85431
229347
16888
141204
17683
182814
39792653
167974
369824
24460
22157
34943
175311
59675
32895
125936
72598
144040
181028
156100
207847
106496830
29664
112382489
59658
243839
71753
31568
1266785
1235796
206552
215176
145094
147066
90774
20201024
317589
165746
73252
1134409
58746
351370
440388
437064
67123
211635
214164
52296
118421
116631
81246
68256
60392
64265
799467
18937
259465
178475
146752
257455
121487
252367
1013917
52915465
508618
325724
207757
278785
323228
200372
180745
71352
177839
17858
316794
198964
199165
18820
116682
21690405
159243
65531
492734
418793
93829
321992
172053
67232
317008
63155
127268
354655
333540
269481
128874
590716
176339
78807
758810
817490
644783
369924
267782
159059
103193
276432
472345
91489
174979
50851
71287
69347
19316
382248
395567
48427
231737
252824
114899
8887
283160
216115
223672
95364
101370
480049
116381
442852
217123
68539
88908
106429
214848
202918
225026
452827
464286
441489
150857
100686
17180
10095
89170
105960
56731
110286
287375
376534
210193
38962
76815
16234
165971
60418
87810
422625
176543
56174
738003
43407
429831
250255
318787
659404
75162
251448
185675
189696
84435
23013
187048
33072
23691
15420
91231
460202
168905
479292
307213
25037
824125
365883
176394
20146
31110
481744
174111
42723
151266
321757
175716
602006
457258
14059
128203
55581388
86821
479607
231659
548911
37024
587245
80939
23720
209922
42766
466911
53404
450250
38595
39764
139880
40577
210047
440342
10003
296682
258063
25250
560961
128210
126230
625900
460569
109352
512583
87816
89052
113807
8178814
57728
173802
212563
423547
731160
700720
219928
86564
38768
287692
146665
20003
20686
57839
559856
38634
350933
597779
220009
62486
648500
25518983
95886
194894
315362
301897
120423
313162
83595
189720
611157
20775
613437
16621
53232
9893
129290
32857
52855
165572
759456
110545
33202
390547
303992
40914
92664
31900
254151
80124
95730
137710
64045
69831
401802
120429
153219
68206
122527
16876
85533
18941
3440994
75058
41592
84522
19324
28292
73654
811275
417159
25249
351791
341602
45132
52510
28640930
30629
116559
72891
148382
112288
11774139
307773
277880
211976
144324
53062
795661
616952
620188
313938
261606
189826
153637
262953
83367
42045
185273
286226
63094
159444
229173
104346
86310
22216
65292
92359022
530161
65083
30779594
47850
132405
114572
566338
92935
191772
780377
17756
15434
96680
877654
157293
142556
21884
16381
102307
298418
209721
203853
40640
10048
205209
33701692
24444
196353
8505
12099
159013
114047
9571
33663
181494
310026
189616
120387
72908411
391361
149308
63665828
140785
244643
200910
94291
26281067
131660
160679
348582
359851
671740
8685
108431
200875
546137
258741
428502
734456
59848
38525
161918
661168
15771
294319
33909
143715
300867
398291
382551
154644
16728
268635
166050
151730
70427
68233
391773
425702
397182
78037
230129
10655
249266
185770
113388
214720
189240
27049
503018
395393
331743
111767
98698
33975
116669
30748
94738
459238
577581
316567
534682
63125
223242
193471
96456
25302
56966
78365
97468
31111
177723
47674
745261
148447
33404
101126
65984
113580
113609
70202
9915
25699
87237
321695
200484
166318
233495
89976193
16578
364540
36895
1001190
925904
219562
303257
411276
204989
3185998
117519745
584886
10094
207741
195265
51923
19761
40570
98215
241941
168438
154040
292527
32613
52172
24971
105567
131103
103900
65697
24669417
132324
174026
42874
472049
228234
38992839
71198
66824
300072
40736
37616
255556
225841
186362
48568
58330448
22522065
164990
86483
90542
67175
277998
138252
320234
136432
473994
143043
192194
3053766
10135
80838
784521
1115179
217807
78664
151779
93968
125522
91860
24659
76578
351772
99580
78984
121600
56910
32956
9335
446633
496933
126863
91613
83645
62907
86766
17167
280675
36689
14695
54426
48072
477812
41125
76019
104678
104776
135064
104215
46981
152731
125140
60851
54643
159400
247236
108387
9060
121391
818854
66198
17698
18367
386825
241896
68434
30430
99324
234705
147421
213894
465730
104590
83553
949661
56769
124821886
27894
98664
25674
73776045
621059
248416
107477
39963
1053811
27135
87113
189400
118842
28326
34350287
166178
288647
13408
28386
513851
232264
152273
30820
127900
175848
397365
98048
311184
203179
328930
96444
96068
58355
41486
233217
227798
75820
237397
58389
115535
119506
41901
523337
376940
657557
335367
34138
133929
84535
161159
92176
1339427
122733
128215
69988
