46933
235774
43590979
129919
82985
128647
19811146
165270
330242
223556
277593
188954
183292
84286
24334
498929
65159
157618
241307
183421
57347
25009
130930792
86561
94468
203254
20985
154509
147940
29178
93843
227660
49113
84729
156225
54776
54134
12988
156669
112864
157472
142776
57446
40225
85485
101000
100854
28942
81103
138957
53274
106084
288486
688716
554942
451582
447062
198411
266418
462080
307511
162377
130960
79368
129646953
130362
220465
148281
109468
406339
92955
31959
1172823
25317
409088
22914
188811
19014
223519
161477
305786
240389
29179
480670
80270
81252
63846
46298
121055
67766
47693
81044543
58384
91116
200085
100350
54882
99041
94080
12965
319067
33049
39535
33183
37766
23050
40684
27465
15486
84211
66089
19926
164047
39847
51178
29847
119741
246771
151680
79022
11174
103928
23411
100205
189774
147098
61783
208772
49529
231885
264443
269641
284201
71904
77518
470133
190015
290425
300788
227756
225282
238720
265750
272700
36822
545534
396644
397509
342162
176085
377146
591755
262398
100420
101596
235867
107855
76362
20344
15066
71450
152099
266739
89089
133794
20436
26324
54891
103114
103721
175827
45749
43844
83388
65204
47375
393128
228658
297246
245120
132032
118565
100342
294736
487427
495735
73983
384400
464819
20546
118172
109824
396216
40165
584733
80489
9593
17227
65289
846973
138778
79497
75490
49906
9944
79543898
30915
164926
352374
291856
88537
429376
130009
411638
159188
27779
413340
135981
113849
21181
143257
120506
16341
21406
46363
329763
323845
422129
260502
287085
726330
195930
374007
50132
143498
84399
2890200
67380
104252
10033
305701
295069
289939
20202
288759
44781
53068
139500
21413
991727
510316
537336
110147
72922
238738
115732
75187
102477
29791
36346
71603
355548
41147
50682
56187
154363
129826
404132
163795
138559
102710
12922
54676
24281
46501
219930
111889
117232
151137
241129
31729
41004
229253
169891
183039
56002
136303
87486
144157
145418
63291
558405
174718
138923
1030652
1057893
31443
83787
97253
337515
108751
62594
89802
12861
65683
569737
23009
595795
256954
182649
41408
33881
118444
161634
147780
29004
72864
54425
144052
175053
374137
347375
8861
148378
42630
476656
97267
88435
293744
175582
121065
10759
469008
379940
149520
108317
386038
324997
478366
533314
515575
444195
25813
109527
127383
25354
83818
118322
23353
151726
217070
11412
237177
208528
136130
129689
114616
34799
47196
31148
62890
16769
18743
14616
22630
65925
9428
270081
568402
612919
101806
212871
84829
89335
17149
86294
256845
182280
126555
60666
53501
50921
26356
1051294
585240
59551
809966
160311
350361
124074
110763
87309
83911
273787
613096
609956
551244
278993
4044417
299052
140271
59966
163656
255316
175440
239395
53471
425343
382978
10258
18805
130844
95859
94624
20888
43546
74307
36298
255004
463303
328031
426948
28301
100996
59293
49808
65482
61662
77461
26862
17442
43061
19800
59348
17706
46390
419118
85463
32601
128542
178265
367220
377138
391062
326255
668767
370492
48937
179107
303033
215534
258632
251295
988960
523454
292159
199053
169946
32823382
163508
154728
12009
160473
126707
42650
658449
156290
149876
183400
42174
15428
21936
78913
435041
14759
103067
69007
13637
23081
90380
59506
25409
727656
116036
85058
17668
39640
19743
10424
81368
104050
201638
290848
30113
31297
109656
122951
34771
8628
39910
12958
110606
609333
360722
184053
68729
1017089
800933
196660
198507
137289
154675
331351
368829
97651
330150
77187
59699
210152
125035
243368
291307
73567
142198
600287
203343
160666
24701
144172
100482
72329
64540
693427
692028
191098
86268
81723
208888
593507
33823
29142
42391
132227
450391
37421
148388
210493
212741
98305
64216
14905
52806
14977
23821
158799
78472
267182
308819
346717
27627
368201
208778
42472
513958
165294
185461
83885
8032
898335
48594
7115758
493444
486754
135958
534528
215443
1030974
66828
104889
72746
840625
684425
674766
1188754
212617
69416
249328
102739
260257
37743
598260
86676
75281
43137
36549
20341
34792
89701
77573
37658
87132
54329
74907
65298
33607
56847
50715
21926
325967
855781
249613
170297
80104
469501
169365
342457
135256
354576
100356
224944
153745
138736
10196
149708
159004
78806
205734
159241
715263
632679
61488
64935
372086
99737
101900
166853
133160
131413
544098
189562
43723
623099
493558
177444
201379
196939
27706
45110
70886
124631
346425
24937
384641
100770
194968
121046
117609
174154
112271
200782
97011
226269
101314
103641
49196
13067
106603
84884
189113
223041
43088
26566
119097
50891124
37356
219985
181243
14241
58622
228012
256781
142099
207521
148040
67368
97229
194139
92261
210554
8957
575004
58368
245419
38813
221810
20207
810380
31224
193546
204615
66697
521372
27582
30196
193516
115284
199465
114642
79847
245502
134007
294208
241208
135078
68215
32671
97756
22982
245911
370899
249904
13045
64504
375131
374371
116915
113233
316578
204633
88903
29884
466959
103618
86264
330635
131821
43611
424902
65301
108885
107187
40748
653308
128726
91055
131039
15932
93745
138240
70864
30593
358983
210662
191685
273362
160138
38740
27189
116259
104622
40882
34110
117787
93067
550345
89057
229259
322810
161574
20765
91548
14326
9798
175548
230323
41717
201814
296707
73365
82068
29169
75315
14002
32126
52059
67534
194688
99065
109223
37539029
361473
350294
279698
428852
416448
113251
302804
486103
98014
3027900
20157
25215
66322
1127288
164442
44538
31582
39634
35801
100521
76822
69368
77523
204790
23201
37919
177658
37046
175367
139224
142495
132684
77954
28159
58524
32648
77358
342483
149836
38498
17271
52617
4080184
61131
27652
87297
30655
214730
131907
16827
31286
351398
400139
294901
101256
9355
16446
292568
183572
112285
65012
50473
205436
133524
85565
47517
355992
92576
107927
76015
40896
43564
218892
128647
16240
30361
14336
98979
195758
322375
486278
66814
58889
239669
105230
54634
103714
224994
62966
142136
47751
71379
90446
79881
699261
502508
91385
513320
146362
45387
78720
20461
154392
9961
174890
82531
105587
805640
14531
62628
12731
88849
216852
25433
56068
65212
113990
97433
85173
12651
117801
33761
10619
138019
73050
23955
120206
111473
45225
38822
11050
87636
47176
35461
121314
135902
133678
128226
66964
8833
99348
278300
78930
82868
342215
303071
355555
141119
609169
428729
185425
90493
11298
13225
325613
104191
416844
89909
124041
290120
166237
23320
296374
207035
41777
8676
134447
224514
215750
24526
199662
472739
197500
164479
983591
31475
464043
280684
51974
21788
31772
72427
75346
122703
83299
9256
42283
66423
83561
20544
27252
250159
19648
213771
171206
109517
9736
200571
554757
70713
98981
47002
62977
106417
384833
71592
100966
144493
149362
249207
334493
187161
181727
665190
160088
245184
191482
73542
227286
858677
78722
70040
299618
417416
180096
98346
384833
329493
88211
30726
263535
21758
100801
24831
163763
167631
220439
24707
68559
43273
61342
24535
170486
9324
60391
37212
58094
229609
17297
53293
300756
103956
211415
33417
26288
157500
67162
52014
40977
326042
141075
76605
14169
18367
415167
342834
78002
62075
20351
58192
34977
91500
127361
22361
170070
75551
105098
61211
31965
157267
20883
24590
179024
164504
26225
14357
38852
101469
10484
217347
331417
48563
37744
19955
102217
10613
112862
145889
92883
39485
67214
28957
43292
70356
24853
36846
47256
79027
44908
193736
92300
26311
90389
109389
113563
9036
131438
22529
98431
43691
86221
78707
47027
157661
24798
119069
30621
196348
189110
63686
47728
19732
20331
76121
231827
8493
111383
76147
114111
10749
234996
215179
48000
276965
126434
82068
228045403
1257900
64163
67569
212287
96185
40467
199464
94655
128709970
255197
8332
380958
220845
153669
95099
167914
29006
156664
142857
149031
31203
173542
87203
406052
170324
121878
188417436
12828
245790
241585
16339139
254518
90489
345684
90428
41670
108805
238243
231782
332399
92846
50801
330529
314268
104714
96176
97463
120656
316854
29767
120222
280965
301986
227116
65686
54760
251895
78742
58611
249444
12583
429044
24670
62578
121407
30724
179907
44769
100139
26705
170919
252144
18494
72900
60278
362493
209721
193822
60579
54259
18543630
127510
293243
468815
148525
1640941
230711
17808
19166
187361
55021
240207
111996
443033
185796
292591
44626
118762
183489
119084
236962
31155
269377
114590
117851
340333
409921
220547
318004
252738
23762
128093
34162
53585
366454
501310
94395
167993
276082
162407
106544
107829
178990
118429
43947
226893
315864
153053
10579
443846
45174
46249
16183
41414
33390
14702
1836815
37005
1441555
1133625
1438480
247336
43851
767123
224905
166424
103174
101835
441948
523472
8429
728453
287882
40658
99992
27516
96479
78503
44922
24099
190402
244544
86817
262588
93570
104630
101697
16807
539364
804111
142169
427015
87732
11627
629667
144721
19531
74372
114123
70625
667959
98118
508871
40182
12057
128830
12196668
115796
33433
338632
115011
64521
89999
153656
95904
88378
73644
62757
279775
151915
43943
509387
135681
99278
24429
210858
106577
111767
207882
124422
85903
252157
327116
31326
15448
9208
141502
245807
210517
101155
61444
32260
139670
14548
100487
183860
245297
92560
349406
26641
112588
332454
231842
187596
146886
126799
107485
94147
100229
304590
138722
14949
17627
38221
147543
43785
134011
135983
22755
118611
100851
438052
198295
60648
90196
18492
311179
1089807
59227
60271
168568
79410
18247
10895
33007
13487
344646
31431
289671
166570601
281948
431151
567717
153963
231679
69988
630282
399624
574386
651039
54822
218152
86135
153165
120039
31358
573514
108777
166522
50440
83052
172581
458908
91640
202840
62471
39566
39529
119063
35538
16476
121841
234554
460874
191193
1011667
545594
361160
115853
231561
75787
744582
895214
31089395
12047996
795801
254145
106810
63573760
20812198
422121
194016
173577
393909
110289
91917
8590
122041
35580
313442
68128
225218
255312
71644
72087
96399
145849
691790
184045
49843
160454
40334
37973
105745
257925
91401
175136
99307
28461
83003
250400
220087
80152
81398
317380
133660
136299
101201
59440
106464
628100
21177
78704
35525437
345459
101868
220838
20954
103386
136874
665606
128193
95893
50910
173416
239138
395152
680217
179507
100879
208682
286042
34252
63180
527052
310412
250641
34675
38428
266321
13876
328162
232625
175576
255549
361342
104455
442998
274702
24913
106120
312713
804732
101735
677419
186669
858991
28001
295440
21812
221833
291113
344989
561186
85683
385852
100375
571496
555171
511726
516103
511033
161428
116159
227939
304562
940494
324568
489198
48042
275017
573907
429473
433087
388702
344881
540789
76663
127281
93477
113685
59047
233215
156706
307628
237820
143319005
207124
142784
118824
275093
40222
281045
141438
780274
73922
736833
94883
38611
739367
13252442
348004
135964
222926
89420
200953
589666
5512537
26508
78399005
518127
108901170
48370
241221
282134
235154
135459
82639
192683
9017
152984
206586
347250
120730
482988
740275
524484
132426
55452
65959
219906
39856
67422
274061
32635
461236
196861
64757
188067
323543
631125
1210330
217533
252388
197125
497821
21084
64884
316239
94487
115519
92060
520286
131519
154193
31503
70233
41675
60068
105590
49091
152928
149140
131539
23848
229269
134116
432567
400255
185028
94677
48839
261243
79003
37339
14468
63991
14705
35716
139971
162534
59860
467857
332793
89387
178144
405139
264240
69966
902294
80339
32271
407177
153224
364888
210980
187862
21131
321751
26139
508621
157129
64041
128926
56366
82460
142563
92909
10116564
92782
116089
323824
61844
420256
137040
201655
437851
77770
135990
15886
213147
26154
45746
171684
164342
53543
45229
149203
47781
29121
35887
110688
42580
259208
256391
19740
19809
158957
71634
111166
68983
89573
133841
45821
102099
55107
43829
1143854
725968
65390
380074
232945
54789
60325
56256
80073
795018
279759
511276
179162
157832
97437
336766
533983
23358103
217036
209791
753961
82932
4065747
153298
109262
351387
237319
293146
92074
723368
122946
829928
35543
107574
734384
265531
442902
658794
673251
263899
157551
90817
88902
384253
437061
513749
88560
151373
38733
84392
54175
68645
188379
110770
44921
28731
26265
665118
320085
56282
245015
505256
274256
267722
114266
774810
73249
167360
45159
33151
328106
237147
196311
248522
288538
177240
295535
32740
212064
100384323
112530
159511
726239
260557
323595
417613
19335
189012
25301
10062
667970
275281
34358
65788
162361
212504
133023
69555
319578
878464
113423
228814
331992
253292
455560
531089
57401
809843
49998
167889
372547
288038
1394674
140194
951804
183204
111225
11504
22280
616451
204544
275929
354698
117085
406259
8178
323610
415787
273599
353800
257333
31929
8422
171991
62515
253771
276889
31868
51816
28238
306939
199797
114335
65316
310833
267027
98614
57864
228112
267602
114380
93628
42332
106582
90651
89924
55287
23075
178994
8670
138387
258352
396665
308335
186881
284425
190463
107818
382572
22154
20155
151662
44650
36151
115204
49569
370033
290966
238946
74721
534571
273259
268623
110298
206778
168970
212344
320689
200385
124840
161971
225121
842617
68135345
220798
82787182
143196
974474
160575
30221
120235
72825
363550
62808
108828
278292
467380
143925
197341
555636
330457
139394
581530
266415
1291509
152892
374234
192837
210707
128309
644958
552182
130675
273915
289575
86282
21579
116936
260212
165330
417169
91272
158641
675613
166921
110629
152690
210219
222054
72207
663598
583696
201289
56297
508873
79791
188739
767445
580371
152235
317930
224985
115569
78425
89478
9246
38438
26498
95536
143416
48855
323854
9690
403146
134621
33833
101213
108594
44868
318613
450685
1014587
58992
463150
354880
323526
639041
62821
618363
347113
180072
114240
46374
23474
10842
7817
53743
17295
321565
333651
508930
43493
205267
361365
238201
92209
364952
295894
58222
47984853
262576
163240
404785
230086
77735
152777
458668
111799
146892
188227
66903
126325
194562
56240
116372
118142
552226
1100208
76154
242562
131203
100312
194155
72215
198064
246621
327412
67208
90763
193366
147288
170331
132300
31617
67921
79747
52362
194625
44035
215337
155819
136071
150048
130878
133026
138357
18296
87292
14299
17725
15545
22032
72587
331471
74146
148508
1216045
160244
953637
32778
142324
429353
67462
194657
194102
40191
13212
213570
199490
80380
857361
459501
582900
104220
147177
177770
215380
6450342
146330
180124
169345
160773
102655
40560
171887
523004
67684
