84635
127679
87609
32066
240502
91055
210341
141630966
79321
79268
289917
208356
35025
80517
191433
175631
172479
49538
127477035
51603
157664
36855
12578
85335
251863
177299
100512
187476
20107
88321
168867
98739
1299800
137692
384354
266283
521578
274035
112116
402677
319918
53489
283815
55104
210230
263115
252299
161711
146701
174468
245988
157281
361247
52902
83817
250938
28660
61518
22583
72905
209057
112114
24001
13969
32906
341077
44713
15212
29781
20213
123995
126825
93153
323657
794314
65841
614540
31741
190248
97929
172336
468165
320471
103436
96469
387652
164541
51384
183376
171291
260601
49431
56924
452418
253076
173596
223129
126707
44157
266246
201737
36097
106906
26833
54088
27178
34808
57324
177583
71923
256883
71184
535955
190771
185295
179198
263977
304987
220689
32582
92611
36611
127224
101521
61068
486524
211962
606556
594679
47848
58935
106043
195044
254085
434079
292670
14093
236203
20843
286637
733413
311611
1482073
91165
15131
60005
485151
268985
101530
183405
230589
466876
462498
412605
20612
99150
329846
382318
57849
173716
84167
73107
180795
23173
81974
855678
140342
225327
184262
12528
104019
55798
95733
207834
58207
150502
29124
134966
161749
73358
155576
46469
35270
34640
170326
310328
252581
63135
37094
164085
215727
33553
86081
89797
398403
232076
679235
581552
9293
91979
232691
290972
137944
155490
43911
92640
162184
33573
49551
51748
498733
102113
84127
378186
174377
89951
59343
57295
214673
43413
76236
89044
166957
160796
278441
191422
188561
341124
176283
204428
212583
91671
378038
486178
649437
309567
41847
30099
52542
79940
840808
261456
38669
211401
12430
42515
10349
12153
16052
59110
166937
14080
13735
18001
23346
99281
86946
8626
11038
15490
285938
122793
201879
19288
18229
64561
197666
65170
184850
352643
32469
77255
24231
194298
351028
294927
193680
666106
228029
288480
19125
145221
324031
47531
50143
366157
59671
128020
24623
441500
850149
273108
150460
124711
198196
340299
244294
119111
239144
153756
162445
389055
183709
210250
194313
325318
107510
250966
95384
242365
437971
283463
181869
335723
275444
48589
157184
60896
87032
53271
402697
723129
46965
70975
51170
155750
223397
66842
30482
25247
113510
133987
215929
96631
135678
381558
114622
188715
199427
189937
182530
291093
682478
268569
395965
18491
87946
495661
225505
103840
44649
35220
270621
200986
132474
128106
418839
68125
19114
600769
127571
32527
469992
19570
311288
182378
118530
89718
73010
956302
122955
201003
434201
642188
90893
144008
70428
188920
55882
186093
572956
136515
282082
191244
20535
20298
426286
45229
61993
59656
61752
65101
744564
317270
130650
33079
174333
158102
166373
18893
803186
380143
295414
41957
293343
119197
795402
960221
247474
434182
298829
227687
44928
42061
29055
269949
336287
200155
43925
6855550
91073
191058
91929
161361
52295
62673
210318
32032
97934
172254
92731
52145
30371
50702
458243
147683
90501
101646
244720
38347302
351232
407886
94718
127398
114007
254526
59824
100034
135529
404011
300791
318964
157724
115787
23150
209626
8189
260252
44405
9461
218151
234181
88881
40124
49832
347455
252802
231851
95644
22944
36433
20905
272799
9041
45782
69150
329159
83517
436025
151022
161923
18608
69798
402316
190093
89010
38945
156014
49574
80497
64411
73849
62628
57687
9778
111052
76082
228181
224148
120764
217133
30977
18947
74988
41264
354218
100331
32687
11376
23814
43861
92955
93439
168502
400962
251963
161667
456973
459135
169463
14257
9643
28728
157721
61211
185162
36500
1021055
185940
27736
55122
219984
128864
105340
101089
108970
231202
123128
82890
9227
121447
97435
71494
277010
203021
131325
22561
12864
198316
45159
69929
76025
174838
242014
32742
60477
142992
91909
832776
829335
125440
32865
58426
16138
109743
256920
169681
140605
93466
125531
106561
191372
364858
107456
19727
195923
23078
63724
152677
145763
166045
48143
9892
25169
40819
72691
53109
177580
161275
174482
7964
77051
413596
638279
167275
8525
76679
26088545
79498
31733
116180
54301
114660
13136
50551
23465
8164
44408
69415
129539
77921
74435
249431
282329
206233
15852
113538
134893
37990
46232
11445
53771
27359
116572
51958
151122
173767
167314
103057
242006
187348
74078
279431
38638
142844
43418
30236
96798
14421
37438
261559
41482
27466
137819
887672
871381
57659
61220
263653
106252
194905
447314
42914
60332
52903
120014
45074
50865
171417
70721
13265
78013
22017
100566
44021
47869
38810
26911
44677
211716
73672
22932
98158
329578
206521
94683
108262
98063
268179
30475
238025
280344
16279
116570
216567
199293
348208
231229
286203
191340
560955
191700
325788
254558
122843
125589
28046
16268
179808
144877
17297
71490
101829
220589
28176
8615
116375
61524
28246
425143
96545
31595
20144
87711
30477
110159
297569
257829
13254
112293
102133
21653
73096
167729
355377
116713
72853
74381
22036
20763
38894
79516
385913
76672
110669
70516
23859
75921
166023
78372
43046
29690
115144
40437
42417
76022
260467
236353
40172
112876
36831
183450
37829
112621
182193
74008
49362
20892
23335
121964
46025
43005
96992
79726
178235
99265
234934
31740
225225
297310
285406
279166
24603
55823
181565
194768396
102196
96106
154325
34876
34568
642440
442112
254790
17137
155388
101773
138213
133192
89044
12755
230617
370497
256837
156916
146731
255449
98759
51259
32725
22770
285749
9131
117929
162474
231444
184715
437462
71542
115584
170603
184068
91404
161553
10598
20768
68039
149986
30603
683869
192726
312780
55328
52417
66590
166129
643060
493368
408381
120745
93573
122029
150543
332578
705742
122960
177061
1296362
13484
574314
103888
37389
49962
68751
343375
248368
109497
409566
469760
10794
292601
70508
251531
328125
84790
74083
281376
1350700
167317
491536
291488
419669
20133
50963
212755
244908
375547
1315005
65877
39981
27748
36197
568010
408722
556153
128406
65174
255749
58150
202442
12403
408108
23605
50989
122820
99446
53976
12622
371237
474370
257289
331906
151395
66704
531056
44263
21233
17541
208009
645062
47025
44108
133493
10950
305851
206893
52116
22064
245997
33202
160431
834049
244722
112002
45162
190048
118342
313708
222581
22289
361435
24286
71101
254747
240309
161693
413519
136274
505977
186346
133689
74149
113016
22920
111597
81168
542590
453314
147686
200356
137697
267790
185129
152584
40307
103961
190034
74013
75618
137848
481411
43512
23346
174838
63816
1071786
13731
303634
247362
64347
147878
214143
144897
9849
606737
705374
709229
62404
105656
53770
129841
478412
322482
165152
66434
241202
37078
45701
29746
23142
102183
167261
99044
282382
225741
193179
233296
318277
392410
62625
239232
50914
122343
91058
51714
218976
126444
265300
207633
240094
676820
64201
443402
191288
143143
200512
48094
150758
143701
116826
52536
55476
34656
418003
342599
334784
742566
15027
364054
605566
125743
68601
15680
35427
300246
246515
301660
459211
588456
423958
197818
251851
245925
170513
68348
125494
669292
166872
15415
384916
437788
223938
35774
484325
319298
57870
471645
355351
135410
275442
54303
335844
86447
60695
84490
97814
439594
510089
505187
503027
93627
244626
255888
186206
173550
106939
328381
318571
835035
125614
356249
669578
89689
227132
238078
257788
327952
715586
471417
528578
431205
419351
45227
125976
90352
86109
329816
726775
36786
152391
23698
284023
260236
167936
349675
375680
298300
71187
179096
283394
106671
859062
205092
318644
60192
67336
335923
280991
340424
215915
89262
1088642
527308
190785
752447
1212084
164457
452493
164992
145041
18879
296602
334876
297000
124039
117563
461367
226496
81800
149514
50591
112735
10802
14345
27485
187003
176697
294107
373183
138523
113910
353836
31012
206098
31729
148315
232936
101144
437778
408423
159903
137544
21382
807747
197727
28345
64011
216097
35181
121350
365598
137889
72801
19860
538621
423090
69629
125141
242519
48536
290760
76240
114884
222715
169835
38083
84283
27009
51877
251327
47252
51407
83076
32580
213388
40333
57855
43489
264264
255911
238715
162197
120101
1118784
40723
89033
1353649
143301
2154405
87869
348182
87480
483660
142060
234922
116438
458766
175557
84257
373599
268607
726009
648953
466749
38911
185209
673084
434363
86921
68503
286651
24261
89246
122430
121123
20084
179041
78473
367347
212968
303846
267809
90726
114410
101044
24138
575559
744644
850521
116118
282837
172059
84271
57652
191514
260484
298873
216303
760482
1375085
79493
325692
432936
91054
85276
119639
127610
113013
149005
99363
666558
443559
212501
154356
537656
682513
579424
1015479
309926
76931
222085
175688
77636
87064
120839
132676
106260
38218
185886
109726
29987
390542
36569
315758
406183
73515
266442
211226
139070
420785
115093
629784
33456
109746
261563
9853
10633
219056
229348
97488
360756
462840
59718
20317
160813
133482
57254
281094
278741
309865
185270
100616
130116
131490
12102
126369
117488
54582
13251
8602
73699
263029
131184
211749
266166
161014
535510
211795
103864
986827
170127
73662
334786
327183
367577
304528
189940
91403
572581
21539
94025
930041
76887
188549
130777
154731
326877
298035
104693
98556
308093
44165
268158
256473
330973
246379
537471
308645
393379
342049
343554
48622
8864
201738
40809
104138
1134605
634051
257163
54122
273997
397094
408795
268606
49428
96351
199977
37701
94729
33788
101753
95974
143718
65648
324817
164352
47319
16607
31601
108010
210366
215230
812105
48737
475006
192325
150246
165821
8941
293772
351760
171374
32916
32510
274837
27459
132316
97997
144823
78297
70019
120214
346983
65293
821166
273865
184027
36361
80775
140446
16770
117204
50123
30496
13220
78458
11027
128363
28021
158157
251251
104151
1168685
373702
89064
86405
150296
122989
421254
53990
551560
270895
330019
26512
265661
74771
125531
93452
114487
336901
30190
213812
150038
298777
269648
46380
142288
