33554
79359
18107
49731
41590
63600
70118
82342
120199
46441
31967
346400
98421
49307
120376
214731
83115
146482
188082
46469
85306
173706
363657
26311
13556
30672
96461
33477
185705
216942
186404
289303
152457
43466
398955
250343
67702
404043
49224
133574
71481
61682
73089
318309
206786
26317
66085
20727
129770
41956
46544
200495
50735
11295
56921
55091
47312
20367
200677
37131
37508
26366
58468
224250
50205
224782
141437
57122
131481
312259
83383
457897
210207
88860
118176
40483
310781
284625
103905
185884
211489
62633
45943
130867
188657
281199
216673
29543
33828
337620
85374
43023
328852
330779
113950
11167
208332
256419
413314
72079
9425
47615
31873
534148
161373
109219
27558
265160
215284
202079
394319
681439
35949
111155
115126
264137
359152
317840
348113
406852
225308
125761
118782
30642
80591
47294
73698
42808
46639
117089
360732
276203
189940
173419
54275
138663
9078
85084
28280
9584
132202
145553
168544
310875
154723
160879
114305
394342
297507
210725
521697
404544
71431
143738
27505
41958
102424
71082
81805
44213
340855
37952
78745
18545
141204
70019
243094
144461
114956
227223
339457
160040
14230
152361
352571
317603
571747
130136
54474
394135
328069
183233
140015
35177
43676
21319
20875
210191
106732
18184
14366
95646
49556
34117
9531
170985
33023
76930
30546
27319
11889
112542
241648
60195
57527
115183
128118
92013
23789
92848
106789
44586
80331
29452
145191
18987
343667
527078
115707
140692
343644
194560
112816
146095
272358
176711
123738
170770
30686
14951
201954
93782
156251
287110
44108
280797
228609
145136
74001
41857
21800
40990
20530
18900
24372
265391
195215
479478
279160
256754
51869
320752
376290
592867
217094
244042
138833
58916
23659
31078
102697
60431
9796
30657
96356
75789
54523
31011
109305
24238
14447
35206
36982
65489
76083
65642
217364
412537
263157
87902
292753
697421
107423
120924
714057
348328
99115
192021
724351
345108
57311
454717
483743
57319
65889
13517
527869
637271
27171
168578
78564
97274
76545
135799
194247
112856
20980
72010
98586
333961
28766
411603
123840
290398
53244
565488
305757
160822
362754
214804
36677
328712
49367
553334
75321
39737
13190
9872
201946
102873
138611
178592
197973
51242
963074
62718
135535
137103
201152
49970
49012
92702
379379
388554
200139
378458
85050
494932
96633
90485
169130
304652
154563
108381
110913
17901
82226
278853
41022
177298
61651
52179
130999
793942
100286
41715
262265
187684
46453
561869
15066
412772
83817
73101
100853
222271
284130
239500
17183
416326
45668
12940
280942
8669
66711
88097
63932
117741
63631
431614
325094
179795
27981
375507
139663
22836
278487
69703
274381
111743
61053
150921
273473
25284
123431
127193
188611
1083147
482892
197613
353028
278615
73890
14391
59252
45152
20601
100867
118191
53514
195928
484065
307197
16904
57667
110670
73034
51576
184963
63908
138081
55315
149334
51924
207536
165145
117085
60551
319380
106324
453492
512893
51949
41575
201867
99360
73396
92800
120090
825452
687051
158007
108208
30754
194813
144604
18655
290264
115166
145089
71259
132297
139190
50373
35777
14890
214081
126225
24872
25500
173018
73063
8823
51275
36209
185190
82283
92099
19334810
210606
159341
75877
67419
128070
81764
130768
66734
55515
12353
177478
292761
114418
262081
41017
123136
298955
39357
115068
32234
45733
65199
138138
63887
203852
116160
249569
26005
87717
121156
327350
190283
40723
191549
95591
82235
263895
69010
377029
188082
257136
420769
88393
40178
68982
81340
31661
157881
85612
59865
19292
60803
138259
71571
66171
27686
55100
37461
23760
82220
45804
150551
112050
200115
231386
177703
80296
53194
147926
53782
42521
56642
23272
9818
13133
75883
109393
87116
131632
18621
99395
135161
73475
187820
63185
19679
114294
146878
164245
213239
139844
297834
122147
246572
231102
198573
98661
275400
38309
34331
118513
38507
79543
123208
418367
278547
122448
69720
94139
98687
211063
371413
226379
43817
30996
54437
250432
178812
188953
377691
145737
119236
151151
191879
208501
60542
186429
279544
316344
26428
33550
147035
146819
180007
82076
647765
225560
99367
672602
493146
272249
151929
97666
123150
61632
195519
1132009
74239
122196
238451
55593
33368
15872
28818
588718
83333
990307
109223
484779
252929
14306
119685
134999
85198
141078
107768
74860
81573
39781
225337
72819
392628
237639
317640
401378
115671
136938
119836
45890
26970
344281
315262
102054
247818
133118
189431
924826
33442
178890
37899
107557
118918
85007
129659
178352
108870
232502
272195
60839
53076
34941
67781
264861
337303
335479
59911
19608
58557
50676
224827
68724
212930
847932
24305
92465
134278
41955
161752
53358
14157
13052
93797
68871
28476
46464
145836
300583
244135
132424
47821824
230138
171312
80651
149408
137277
355035
567192
127951
77417
160858
36866
569230
540987
188721
56352
43630
73926
44381
176785
111771
165743
281187
81114
102871
256336
335105
236502
99064
355026
55583
78221
260744
48510
495918
672208
570411
104578
38021
350814
299027
222481
457726
251960
862967
600313
156944
237212
119402
404405
509224
294941
420545
60146
285122
111563
236436
281080
1193523
267214
156622
331048
385333
319081
125967
473132
86114
63833
398768
1089324
31605
29364
249330
130955
45105
157961
602330
1044415
87735
46378
253447
237014
320016
120909
162419
21798
41086
118812
19231
195876
204919
241792
209667
219449
132380
24406
610794
111525
112596
93833
103944
98717
54025
130001
37886
200286
156953
144008
367807
171112
780727
195365
303661
256838
67113
128046
137601
85476
218200
113552
74468
471336
369208
101870
490898
105497
134797
161937
195925
55621
194163
117456
37796
110204
80161
29831
488797
102633
332970
378334
50469
383776
157954
87023
15683
149603
152841
109700
251616
85455
107617
65080
534524
103492
48611
126304
245432
550763
805674
456285
288435
412985
351428
319721
76490
49417
155164
54337
108912
107045
442505
201016
266902
708562
550256
659683
47859
117034
476990
61426
318104
49101
229756
113371
22203
42851
438138
486592
200495
415624
664075
638998
475830
505620
79740
23630
463208
288502
380271
39362
218770
53990
190896
421650
23382
106192
123795919
161810
320097
117290
333632
162456
265468
109174
23996
261909
313640
73099
49906
152123
142171
106394
13816
127613
86860
69289
118648
212241
72496
130665
663216
37472
82813
134636
215566
402777
93721
867986
229448
346224
515654
20902
25765
9678
92603
58129
269295
68916
20321
177557
178121
87932
355395
25355
48556
22290
137039
166947
338142
194685
295767
41138
122235
474283
177111
70660
142534
87689
48337
39960
74944
215775
74776
71143
175477
98133
959897
166208
160858
53554
49520
9771
592319
60167
187267
80997
155582
363822
34419
570509
107291
247299
100988
116622
454237
304784
229071
191163
160575
263894
352962
486458
187801
63364
300643
28916
125420
202560
20038
130540
98817
63836
76636
496378
372067
95805
41980
402147
43046
125168
89525
225582
102001
142866
362452
118430
58167
178638
62284
70213
157196
41813
68365
529959
58968
377259
35677
462363
449894
23500
89880
245527
109711
28353
195806
58268
67919
19532
275335
509386
91078
255241
27603
76066
57920
58718
83321
435876
37729
66598
44972
156182
8447
541074
94456
489802
80357
444744
97471
190839
208018
180358
74596
21621
84773
61296
203110
61957
232573
613943
62451
