mm1 2000000 3999999 0.449893329113924
mm1 4000000 5999999 0.451173789861751
mm1 6000000 7999999 0.440652682692308
mm1 8000000 9999999 0.43982095
mm1 10000000 11999999 0.426856082417582
mm1 12000000 13999999 0.428186727272727
mm1 14000000 15999999 0.441841333333333
mm1 16000000 17999999 0.410083535714286
mm1 18000000 19999999 0.445897744047619
mm1 20000000 21999999 0.435958747058823
mm1 22000000 23999999 0.421202703225806
mm1 24000000 25999999 0.455240192546584
mm1 26000000 27999999 0.445258628959276
mm1 28000000 29999999 0.431410904564315
mm1 30000000 31999999 0.428175943589743
mm1 32000000 33999999 0.428785215384616
mm1 34000000 35999999 0.419085754966887
mm1 36000000 37999999 0.409470712820513
mm1 38000000 39999999 0.409998146341463
mm1 40000000 41999999 0.431464715116279
mm1 42000000 43999999 0.430098866666667
mm1 44000000 45999999 0.454661055555555
mm1 46000000 47999999 0.452673470899471
mm1 48000000 49999999 0.452781963020833
mm1 50000000 51999999 0.452251420779221
mm1 52000000 53999999 0.42463427388535
mm1 54000000 55999999 0.424027540697674
mm1 56000000 57999999 0.464340137681159
mm1 58000000 59999999 0.410125583815029
mm1 60000000 61999999 0.448922342465753
mm1 62000000 63999999 0.45382427480916
mm1 64000000 65999999 0.456057029411765
mm1 66000000 67999999 0.44613552173913
mm1 68000000 69999999 0.446993986577181
mm1 70000000 71999999 0.426441865771812
mm1 72000000 73999999 0.438050323529412
mm1 74000000 75999999 0.436704315646258
mm1 76000000 77999999 0.477347550387597
mm1 78000000 79999999 0.419586666666667
mm1 80000000 81999999 0.442833243902439
mm1 82000000 83999999 0.426993802469136
mm1 84000000 85999999 0.414466221238938
mm1 86000000 87999999 0.400577836734694
mm1 88000000 89999999 0.417096557575758
mm1 90000000 91999999 0.4060525
mm1 92000000 93999999 0.413407615853658
mm1 94000000 95999999 0.424660325581395
mm1 96000000 97999999 0.436024922077922
mm1 98000000 99999999 0.453722518796993
mm1 100000000 101999999 0.423085403225807
mm1 102000000 103999999 0.432787834710744
mm1 104000000 105999999 0.40840425170068
mm1 106000000 107999999 0.443495376470588
mm1 108000000 109999999 0.429210832484076
mm1 110000000 111999999 0.448210743961352
mm1 112000000 113999999 0.452464754491018
mm1 114000000 115999999 0.418487
mm1 116000000 117999999 0.416088234309623
mm1 118000000 119999999 0.391066205479452
mm1 120000000 121999999 0.386988878453038
mm1 122000000 123999999 0.388327788546256
mm1 124000000 125999999 0.3860686930131
mm1 126000000 127999999 0.380100608040201
mm1 128000000 129999999 0.356175732240437
mm1 130000000 131999999 0.408173542682927
mm1 132000000 133999999 0.42570402919708
mm1 134000000 135999999 0.413390244604316
mm1 136000000 137999999 0.417656959016393
mm1 138000000 139999999 0.42751895505618
mm1 140000000 141999999 0.453299143712575
mm1 142000000 143999999 0.450161744933921
mm1 144000000 145999999 0.451202805128205
mm1 146000000 147999999 0.449149293333333
mm1 148000000 149999999 0.449265398148148
mm1 150000000 151999999 0.443181616113744
mm1 152000000 153999999 0.432689635135135
mm1 154000000 155999999 0.40372232051282
mm1 156000000 157999999 0.425988597014925
mm1 158000000 159999999 0.422203187096774
mm1 160000000 161999999 0.473361778688524
mm1 162000000 163999999 0.432714862857143
mm1 164000000 165999999 0.455451396103896
mm1 166000000 167999999 0.412487597402597
mm1 168000000 169999999 0.426950664335664
mm1 170000000 171999999 0.452732198412699
mm1 172000000 173999999 0.441496544303797
mm1 174000000 175999999 0.459018145348837
mm1 176000000 177999999 0.427710952380952
mm1 178000000 179999999 0.415264049689441
mm1 180000000 181999999 0.400409808383233
mm1 182000000 183999999 0.407360204545455
mm1 184000000 185999999 0.410462684684684
mm1 186000000 187999999 0.420692272727273
mm1 188000000 189999999 0.430389682170543
mm1 190000000 191999999 0.427109166666667
mm1 192000000 193999999 0.394292895705521
mm1 194000000 195999999 0.431068366197183
mm1 196000000 197999999 0.448697575757576
mm2 2000000 3999999 0.402633634408602
mm2 4000000 5999999 0.387713396341463
mm2 6000000 7999999 0.444392604938272
mm2 8000000 9999999 0.42111684
mm2 10000000 11999999 0.387415154320988
mm2 12000000 13999999 0.4243095
mm2 14000000 15999999 0.419849245810056
mm2 16000000 17999999 0.426369915730337
mm2 18000000 19999999 0.415524044198895
mm2 20000000 21999999 0.419925757225433
mm2 22000000 23999999 0.432581074626866
mm2 24000000 25999999 0.434886122905028
mm2 26000000 27999999 0.439716202185792
mm2 28000000 29999999 0.422219770588235
mm2 30000000 31999999 0.415704964646465
mm2 32000000 33999999 0.413359068674699
mm2 34000000 35999999 0.430365358778626
mm2 36000000 37999999 0.512830923076923
mm2 38000000 39999999 0.436517364864865
mm2 40000000 41999999 0.447994677130045
mm2 42000000 43999999 0.446952368131868
mm2 44000000 45999999 0.487332450704226
mm2 46000000 47999999 0.460056983695652
mm2 48000000 49999999 0.46350038
mm2 50000000 51999999 0.442781919254658
mm2 52000000 53999999 0.447006116129032
mm2 54000000 55999999 0.440860556149733
mm2 56000000 57999999 0.461245905555556
mm2 58000000 59999999 0.43273917266187
mm2 60000000 61999999 0.46927482
mm2 62000000 63999999 0.465515731034483
mm2 64000000 65999999 0.45249022368421
mm2 66000000 67999999 0.446580654054055
mm2 68000000 69999999 0.416662819354839
mm2 70000000 71999999 0.405580876712329
mm2 72000000 73999999 0.435969526666667
mm2 74000000 75999999 0.46286475
mm2 76000000 77999999 0.456538176
mm2 78000000 79999999 0.449166335616438
mm2 80000000 81999999 0.444003170103093
mm2 82000000 83999999 0.447098869626168
mm2 84000000 85999999 0.468086845637584
mm2 86000000 87999999 0.583497969924812
mm2 88000000 89999999 0.560177809917355
mm2 90000000 91999999 0.421538154320988
mm2 92000000 93999999 0.418721583333333
mm2 94000000 95999999 0.447407152631579
mm2 96000000 97999999 0.443205912621359
mm2 98000000 99999999 0.44645922972973
mm2 100000000 101999999 0.4595386
mm2 102000000 103999999 0.435960303278688
mm2 104000000 105999999 0.435021576923077
mm2 106000000 107999999 0.455228099415205
mm2 108000000 109999999 0.452962715909091
mm2 110000000 111999999 0.46631269072165
mm2 112000000 113999999 0.441021083969466
mm2 114000000 115999999 0.488094496183206
mm2 116000000 117999999 0.445513586206896
mm2 118000000 119999999 0.421436860752688
mm2 120000000 121999999 0.413149318681319
mm2 122000000 123999999 0.458562906896552
mm2 124000000 125999999 0.457946639097744
mm2 126000000 127999999 0.42388725477707
mm2 128000000 129999999 0.418143581818182
mm2 130000000 131999999 0.418872994764398
mm2 132000000 133999999 0.444165190751445
mm2 134000000 135999999 0.445960769230769
mm2 136000000 137999999 0.47145063576159
mm2 138000000 139999999 0.448054456043956
mm2 140000000 141999999 0.465943667763158
mm2 142000000 143999999 0.446787452830189
mm2 144000000 145999999 0.429662296774193
mm2 146000000 147999999 0.437125626666667
mm2 148000000 149999999 0.409534372262774
mm2 150000000 151999999 0.413912456521739
mm2 152000000 153999999 0.404039207650274
mm2 154000000 155999999 0.432041486910995
mm2 156000000 157999999 0.402342766233766
mm2 158000000 159999999 0.441970948148148
mm2 160000000 161999999 0.455630639344262
mm2 162000000 163999999 0.430117606666667
mm2 164000000 165999999 0.402582961538462
mm2 166000000 167999999 0.399479710526316
mm2 168000000 169999999 0.396698245714286
mm2 170000000 171999999 0.409395688172043
mm2 172000000 173999999 0.413541612021858
mm2 174000000 175999999 0.429781277777778
mm2 176000000 177999999 0.408034071428571
mm2 178000000 179999999 0.411839469767442
mm2 180000000 181999999 0.428937579874214
hs1 0 1999999 0.798526079545455
hs1 2000000 3999999 0.826573780821917
hs1 4000000 5999999 0.860003475609756
hs1 6000000 7999999 0.847346361445783
hs1 8000000 9999999 0.823998833333333
hs1 10000000 11999999 0.838786397590362
hs1 12000000 13999999 0.810850129411765
hs1 14000000 15999999 0.858513240506329
hs1 16000000 17999999 0.834774107526882
hs1 18000000 19999999 0.867256641975308
hs1 20000000 21999999 0.849874231707317
hs1 22000000 23999999 0.854684723684211
hs1 24000000 25999999 0.849283460674157
hs1 26000000 27999999 0.839181372093023
hs1 28000000 29999999 0.823244414893617
hs1 30000000 31999999 0.864116433333333
hs1 32000000 33999999 0.841304296703297
hs1 34000000 35999999 0.860011234567901
hs1 36000000 37999999 0.857014307692308
hs1 38000000 39999999 0.856302258823529
hs1 40000000 41999999 0.853721390804597
hs1 42000000 43999999 0.868103759036145
hs1 44000000 45999999 0.8488026875
hs1 46000000 47999999 0.828330142857143
hs1 48000000 49999999 0.876770256097561
hs1 50000000 51999999 0.867147417721519
hs1 52000000 53999999 0.849842807228915
hs1 54000000 55999999 0.87032029113924
hs1 56000000 57999999 0.880707082191781
hs1 58000000 59999999 0.881391679012346
hs1 60000000 61999999 0.876813364864865
hs1 62000000 63999999 0.862959093333333
hs1 64000000 65999999 0.870141615384615
hs1 66000000 67999999 0.875220226666667
hs1 68000000 69999999 0.876603392405063
hs1 70000000 71999999 0.87055395
hs1 72000000 73999999 0.867242435897436
hs1 74000000 75999999 0.872357865853658
hs1 76000000 77999999 0.87358116
hs1 78000000 79999999 0.87494925
hs1 80000000 81999999 0.871571094594595
hs1 82000000 83999999 0.881777868421052
hs1 84000000 85999999 0.87895888
hs1 86000000 87999999 0.8775124625
hs1 88000000 89999999 0.837638455555556
hs1 90000000 91999999 0.8747261875
hs1 92000000 93999999 0.868730355263158
hs1 94000000 95999999 0.872136702702703
hs1 96000000 97999999 0.875577575000001
hs1 98000000 99999999 0.872145233766234
hs1 100000000 101999999 0.871555096385543
hs1 102000000 103999999 0.856489674157304
hs1 104000000 105999999 0.846121302325581
hs1 106000000 107999999 0.864502289156627
hs1 108000000 109999999 0.862519688311688
hs1 110000000 111999999 0.877638921052632
hs1 112000000 113999999 0.856170988764045
hs1 114000000 115999999 0.87958427631579
hs1 116000000 117999999 0.87675408974359
hs1 118000000 119999999 0.878112638554217
hs1 120000000 121999999 0.879894243902439
hs1 140000000 141999999 0.812469642857143
hs1 142000000 143999999 0.843780859375
hs1 144000000 145999999 0.848222505263158
hs1 146000000 147999999 0.804875802325581
hs1 148000000 149999999 0.836814623655914
hs1 150000000 151999999 0.852267818181818
hs1 152000000 153999999 0.843550811111111
hs1 154000000 155999999 0.848976417582417
hs1 156000000 157999999 0.868227430232558
hs1 158000000 159999999 0.852923939759036
hs1 160000000 161999999 0.868673
hs1 162000000 163999999 0.882019868421053
hs1 164000000 165999999 0.839467337078652
hs1 166000000 167999999 0.87696041025641
hs1 168000000 169999999 0.872407682926829
hs1 170000000 171999999 0.875633309523809
hs1 172000000 173999999 0.862166555555555
hs1 174000000 175999999 0.876376
hs1 176000000 177999999 0.863312771084337
hs1 178000000 179999999 0.873178520547945
hs1 180000000 181999999 0.874784157894737
hs1 182000000 183999999 0.880270447368421
hs1 184000000 185999999 0.869831247058823
hs1 186000000 187999999 0.846092136842106
hs1 188000000 189999999 0.848986891566265
hs1 190000000 191999999 0.859204696202532
hs1 192000000 193999999 0.843011639534884
hs1 194000000 195999999 0.860581883720931
hs1 196000000 197999999 0.875725447368421
hs1 198000000 199999999 0.868720815789474
hs1 200000000 201999999 0.858140815789474
hs1 202000000 203999999 0.858619890410959
hs1 204000000 205999999 0.877549786666667
hs1 206000000 207999999 0.890056742857143
hs1 208000000 209999999 0.869813733333333
hs1 210000000 211999999 0.8687811625
hs1 212000000 213999999 0.881528311688312
hs1 214000000 215999999 0.88231944
hs1 216000000 217999999 0.87622095945946
hs1 218000000 219999999 0.872891621951219
hs1 220000000 221999999 0.873258539473684
hs1 222000000 223999999 0.860241575
hs1 224000000 225999999 0.857867862068965
hs1 226000000 227999999 0.867987037974684
hs1 228000000 229999999 0.870121831168831
hs1 230000000 231999999 0.870821461538461
hs1 232000000 233999999 0.862359202531645
hs1 234000000 235999999 0.854038569620253
hs1 236000000 237999999 0.863566102564103
hs1 238000000 239999999 0.863171805194805
hs1 240000000 241999999 0.861266873563218
hs1 242000000 243999999 0.853139613333333
hs1 244000000 245999999 0.817946440860215
hs1 246000000 247999999 0.800687092307692
hs2 0 1999999 0.837627724137931
hs2 2000000 3999999 0.8475273625
hs2 4000000 5999999 0.864744555555555
hs2 6000000 7999999 0.872353307692308
hs2 8000000 9999999 0.865949197530864
hs2 10000000 11999999 0.858322780487805
hs2 12000000 13999999 0.870208274725275
hs2 14000000 15999999 0.862667278481013
hs2 16000000 17999999 0.879799961538461
hs2 18000000 19999999 0.881026481012658
hs2 20000000 21999999 0.876778679487179
hs2 22000000 23999999 0.874231589041096
hs2 24000000 25999999 0.853054373493976
hs2 26000000 27999999 0.8518283875
hs2 28000000 29999999 0.873715794520548
hs2 30000000 31999999 0.875557376623377
hs2 32000000 33999999 0.850285416666667
hs2 34000000 35999999 0.859430771084337
hs2 36000000 37999999 0.871847474358975
hs2 38000000 39999999 0.860601441558442
hs2 40000000 41999999 0.8638997875
hs2 42000000 43999999 0.8583872
hs2 44000000 45999999 0.871602367088608
hs2 46000000 47999999 0.861926455696202
hs2 48000000 49999999 0.87404525
hs2 50000000 51999999 0.868488841463415
hs2 52000000 53999999 0.859441397727273
hs2 54000000 55999999 0.864119948051948
hs2 56000000 57999999 0.8668889
hs2 58000000 59999999 0.884775038961039
hs2 60000000 61999999 0.851527324675325
hs2 62000000 63999999 0.870318488372093
hs2 64000000 65999999 0.866663346666667
hs2 66000000 67999999 0.891094802469136
hs2 68000000 69999999 0.864208280487805
hs2 70000000 71999999 0.865855843373494
hs2 72000000 73999999 0.869329280487805
hs2 74000000 75999999 0.868592160493827
hs2 76000000 77999999 0.857063903614458
hs2 78000000 79999999 0.86196782278481
hs2 80000000 81999999 0.867428879518073
hs2 82000000 83999999 0.851993388235294
hs2 84000000 85999999 0.8548563
hs2 86000000 87999999 0.863482217948718
hs2 88000000 89999999 0.821872481012658
hs2 90000000 91999999 0.86610052173913
hs2 94000000 95999999 0.814155166666666
hs2 96000000 97999999 0.853319524390244
hs2 98000000 99999999 0.854402444444444
hs2 100000000 101999999 0.850049530864198
hs2 102000000 103999999 0.868282246753247
hs2 104000000 105999999 0.87065796
hs2 106000000 107999999 0.860330582278481
hs2 108000000 109999999 0.848466567901235
hs2 110000000 111999999 0.865878803030303
hs2 112000000 113999999 0.861946227848101
hs2 114000000 115999999 0.86217164
hs2 116000000 117999999 0.847356120481928
hs2 118000000 119999999 0.876313746835443
hs2 120000000 121999999 0.8656284875
hs2 122000000 123999999 0.863302166666667
hs2 124000000 125999999 0.858797036585366
hs2 126000000 127999999 0.860607588235294
hs2 128000000 129999999 0.854176172839506
hs2 130000000 131999999 0.804378383838384
hs2 132000000 133999999 0.835650426966292
hs2 134000000 135999999 0.864194876404494
hs2 136000000 137999999 0.867349766233767
hs2 138000000 139999999 0.873637207317073
hs2 140000000 141999999 0.855706782051282
hs2 142000000 143999999 0.873874605263158
hs2 144000000 145999999 0.888449054054054
hs2 146000000 147999999 0.870374263157895
hs2 148000000 149999999 0.880969053333333
hs2 150000000 151999999 0.872438675
hs2 152000000 153999999 0.874176171052632
hs2 154000000 155999999 0.869077890243902
hs2 156000000 157999999 0.877386385542169
hs2 158000000 159999999 0.87795412
hs2 160000000 161999999 0.878822368421053
hs2 162000000 163999999 0.8806669875
hs2 164000000 165999999 0.876281493333333
hs2 166000000 167999999 0.874314278481013
hs2 168000000 169999999 0.881013835443038
hs2 170000000 171999999 0.862290573170732
hs2 172000000 173999999 0.866750215189873
hs2 174000000 175999999 0.866458592105263
hs2 176000000 177999999 0.883109635135135
hs2 178000000 179999999 0.877552987179487
hs2 180000000 181999999 0.873095935897436
hs2 182000000 183999999 0.872641103896104
hs2 184000000 185999999 0.864003518072289
hs2 186000000 187999999 0.868708864197531
hs2 188000000 189999999 0.867726552631579
hs2 190000000 191999999 0.879036350649351
hs2 192000000 193999999 0.869916506493507
hs2 194000000 195999999 0.861194855555555
hs2 196000000 197999999 0.86931698630137
hs2 198000000 199999999 0.87816287654321
hs2 200000000 201999999 0.869859146341463
hs2 202000000 203999999 0.841114571428572
hs2 204000000 205999999 0.870935141025641
hs2 206000000 207999999 0.879490853333333
hs2 208000000 209999999 0.857274212121212
hs2 210000000 211999999 0.872652473684211
hs2 212000000 213999999 0.877164842105263
hs2 214000000 215999999 0.856777782051282
hs2 216000000 217999999 0.869854391891892
hs2 218000000 219999999 0.869296525641026
hs2 220000000 221999999 0.880593826666667
hs2 222000000 223999999 0.874477228915663
hs2 224000000 225999999 0.870771626666667
hs2 226000000 227999999 0.8717242625
hs2 228000000 229999999 0.860932536585366
hs2 230000000 231999999 0.8623975625
hs2 232000000 233999999 0.81937170886076
hs2 234000000 235999999 0.86566775308642
hs2 236000000 237999999 0.87203367948718
hs2 238000000 239999999 0.858350913580247
hs2 240000000 241999999 0.840061209876544
hs2 242000000 243999999 0.807767935483871
