mm1 2000000 3999999 0.242521
mm1 4000000 5999999 0.0982906
mm1 6000000 7999999 0.154833
mm1 8000000 9999999 0.212057
mm1 10000000 11999999 0.0869089
mm1 12000000 13999999 0.216655
mm1 14000000 15999999 0.196981
mm1 16000000 17999999 0.125204
mm1 18000000 19999999 0.168776
mm1 20000000 21999999 0.129397
mm1 22000000 23999999 0.164984
mm1 24000000 25999999 0.127537
mm1 26000000 27999999 0.129035
mm1 28000000 29999999 0.174895
mm1 30000000 31999999 0.124967
mm1 32000000 33999999 0.132943
mm1 34000000 35999999 0.146555
mm1 36000000 37999999 0.115264
mm1 38000000 39999999 0.135189
mm1 40000000 41999999 0.126712
mm1 42000000 43999999 0.202364
mm1 44000000 45999999 0.174046
mm1 46000000 47999999 0.138134
mm1 48000000 49999999 0.0660252
mm1 50000000 51999999 0.15681
mm1 52000000 53999999 0.190329
mm1 54000000 55999999 0.103534
mm1 56000000 57999999 0.321234
mm1 58000000 59999999 0.0919266
mm1 60000000 61999999 0.233983
mm1 62000000 63999999 0.165991
mm1 64000000 65999999 0.123233
mm1 66000000 67999999 0.146738
mm1 68000000 69999999 0.210614
mm1 70000000 71999999 0.255903
mm1 72000000 73999999 0.141976
mm1 74000000 75999999 0.0489299
mm1 76000000 77999999 0
mm1 78000000 79999999 0.121785
mm1 80000000 81999999 0.0263455
mm1 82000000 83999999 0.221813
mm1 84000000 85999999 0.144283
mm1 86000000 87999999 0.205939
mm1 88000000 89999999 0.13211
mm1 90000000 91999999 0.146825
mm1 92000000 93999999 0.230189
mm1 94000000 95999999 0.202526
mm1 96000000 97999999 0.129905
mm1 98000000 99999999 0.177944
mm1 100000000 101999999 0.160204
mm1 102000000 103999999 0.171646
mm1 104000000 105999999 0.185137
mm1 106000000 107999999 0.146144
mm1 108000000 109999999 0.0956406
mm1 110000000 111999999 0.112881
mm1 112000000 113999999 0.180737
mm1 114000000 115999999 0.167802
mm1 116000000 117999999 0.181398
mm1 118000000 119999999 0.182298
mm1 120000000 121999999 0.168086
mm1 122000000 123999999 0.157704
mm1 124000000 125999999 0.156331
mm1 126000000 127999999 0.159094
mm1 128000000 129999999 0.128422
mm1 130000000 131999999 0.192933
mm1 132000000 133999999 0.126035
mm1 134000000 135999999 0.10869
mm1 136000000 137999999 0.159887
mm1 138000000 139999999 0.208833
mm1 140000000 141999999 0.21879
mm1 142000000 143999999 0.021072
mm1 144000000 145999999 0.191478
mm1 146000000 147999999 0.127751
mm1 148000000 149999999 0.160252
mm1 150000000 151999999 0.203953
mm1 152000000 153999999 0.228168
mm1 154000000 155999999 0.115837
mm1 156000000 157999999 0.142853
mm1 158000000 159999999 0.120887
mm1 160000000 161999999 0.203585
mm1 162000000 163999999 0.182041
mm1 164000000 165999999 0.208044
mm1 166000000 167999999 0.213382
mm1 168000000 169999999 0.152396
mm1 170000000 171999999 0.202482
mm1 172000000 173999999 0.145196
mm1 174000000 175999999 0.101776
mm1 176000000 177999999 0.192862
mm1 178000000 179999999 0.068685
mm1 180000000 181999999 0.181354
mm1 182000000 183999999 0.180623
mm1 184000000 185999999 0.170191
mm1 186000000 187999999 0.214759
mm1 188000000 189999999 0.274294
mm1 190000000 191999999 0.187738
mm1 192000000 193999999 0.191664
mm1 194000000 195999999 0.191664
mm1 196000000 197999999 0.269254
mm2 2000000 3999999 0.134807
mm2 4000000 5999999 0.152045
mm2 6000000 7999999 0.183642
mm2 8000000 9999999 0.139661
mm2 10000000 11999999 0.198992
mm2 12000000 13999999 0.226657
mm2 14000000 15999999 0.120415
mm2 16000000 17999999 0.130255
mm2 18000000 19999999 0.154163
mm2 20000000 21999999 0.223622
mm2 22000000 23999999 0.162454
mm2 24000000 25999999 0.145262
mm2 26000000 27999999 0.213245
mm2 28000000 29999999 0.176974
mm2 30000000 31999999 0.152626
mm2 32000000 33999999 0.210512
mm2 34000000 35999999 0.175406
mm2 36000000 37999999 0.25969
mm2 38000000 39999999 0.162297
mm2 40000000 41999999 0.235954
mm2 42000000 43999999 0.164435
mm2 44000000 45999999 0.18398
mm2 46000000 47999999 0.140982
mm2 48000000 49999999 0.2029
mm2 50000000 51999999 0.126586
mm2 52000000 53999999 0.174077
mm2 54000000 55999999 0.109543
mm2 56000000 57999999 0.0597456
mm2 58000000 59999999 0.224162
mm2 60000000 61999999 0.233876
mm2 62000000 63999999 0.222124
mm2 64000000 65999999 0.23427
mm2 66000000 67999999 0.188104
mm2 68000000 69999999 0.195317
mm2 70000000 71999999 0.193326
mm2 72000000 73999999 0.151348
mm2 74000000 75999999 0.232188
mm2 76000000 77999999 0.232639
mm2 78000000 79999999 0.300525
mm2 80000000 81999999 0.186785
mm2 82000000 83999999 0.19481
mm2 84000000 85999999 0.258562
mm2 86000000 87999999 0.216544
mm2 88000000 89999999 0.224488
mm2 90000000 91999999 0.191852
mm2 92000000 93999999 0.136056
mm2 94000000 95999999 0.196229
mm2 96000000 97999999 0.199021
mm2 98000000 99999999 0.131001
mm2 100000000 101999999 0.21304
mm2 102000000 103999999 0.229163
mm2 104000000 105999999 0.1308
mm2 106000000 107999999 0.226077
mm2 108000000 109999999 0.229069
mm2 110000000 111999999 0.193107
mm2 112000000 113999999 0.23083
mm2 114000000 115999999 0.292316
mm2 116000000 117999999 0.243309
mm2 118000000 119999999 0.119893
mm2 120000000 121999999 0.1519
mm2 122000000 123999999 0.228665
mm2 124000000 125999999 0.266134
mm2 126000000 127999999 0.183321
mm2 128000000 129999999 0.148281
mm2 130000000 131999999 0.171301
mm2 132000000 133999999 0.187453
mm2 134000000 135999999 0.225043
mm2 136000000 137999999 0.270013
mm2 138000000 139999999 0.170216
mm2 140000000 141999999 0.20488
mm2 142000000 143999999 0.254938
mm2 144000000 145999999 0.179791
mm2 146000000 147999999 0.257647
mm2 148000000 149999999 0.238698
mm2 150000000 151999999 0.204302
mm2 152000000 153999999 0.0972392
mm2 154000000 155999999 0.104908
mm2 156000000 157999999 0.190104
mm2 158000000 159999999 0.200897
mm2 160000000 161999999 0.248104
mm2 162000000 163999999 0.235161
mm2 164000000 165999999 0.059132
mm2 166000000 167999999 0.137571
mm2 168000000 169999999 0.100962
mm2 170000000 171999999 0.258311
mm2 172000000 173999999 0.178597
mm2 174000000 175999999 0.234121
mm2 176000000 177999999 0.240155
mm2 178000000 179999999 0.0903383
mm2 180000000 181999999 0.138257
hs1 0 1999999 0.114529
hs1 2000000 3999999 0.149786
hs1 4000000 5999999 0.191969
hs1 6000000 7999999 0.119558
hs1 8000000 9999999 0.138894
hs1 10000000 11999999 0.150605
hs1 12000000 13999999 0.120726
hs1 14000000 15999999 0.215708
hs1 16000000 17999999 0.130528
hs1 18000000 19999999 0.158669
hs1 20000000 21999999 0.166324
hs1 22000000 23999999 0.0737384
hs1 24000000 25999999 0.141205
hs1 26000000 27999999 0.123847
hs1 28000000 29999999 0.125031
hs1 30000000 31999999 0.146192
hs1 32000000 33999999 0.122927
hs1 34000000 35999999 0.121962
hs1 36000000 37999999 0.197394
hs1 38000000 39999999 0.174875
hs1 40000000 41999999 0.178666
hs1 42000000 43999999 0.178418
hs1 44000000 45999999 0.102876
hs1 46000000 47999999 0.14132
hs1 48000000 49999999 0.186391
hs1 50000000 51999999 0.0866164
hs1 52000000 53999999 0.113238
hs1 54000000 55999999 0.169959
hs1 56000000 57999999 0.276476
hs1 58000000 59999999 0.291576
hs1 60000000 61999999 0.238076
hs1 62000000 63999999 0.192561
hs1 64000000 65999999 0.241663
hs1 66000000 67999999 0.146344
hs1 68000000 69999999 0.233598
hs1 70000000 71999999 0.233305
hs1 72000000 73999999 0.248014
hs1 74000000 75999999 0.234057
hs1 76000000 77999999 0.110666
hs1 78000000 79999999 0.187549
hs1 80000000 81999999 0.190259
hs1 82000000 83999999 0.172621
hs1 84000000 85999999 0.248948
hs1 86000000 87999999 0.169574
hs1 88000000 89999999 0.221118
hs1 90000000 91999999 0.15512
hs1 92000000 93999999 0.115668
hs1 94000000 95999999 0.234856
hs1 96000000 97999999 0.17781
hs1 98000000 99999999 0.274539
hs1 100000000 101999999 0.192339
hs1 102000000 103999999 0.148485
hs1 104000000 105999999 0.060355
hs1 106000000 107999999 0.256943
hs1 108000000 109999999 0.163164
hs1 110000000 111999999 0.118615
hs1 112000000 113999999 0.0808796
hs1 114000000 115999999 0.164497
hs1 116000000 117999999 0.223426
hs1 118000000 119999999 0.306113
hs1 120000000 121999999 0.130306
hs1 140000000 141999999 0.304797
hs1 142000000 143999999 0.204643
hs1 144000000 145999999 0.170518
hs1 146000000 147999999 0.114532
hs1 148000000 149999999 0.131654
hs1 150000000 151999999 0.184444
hs1 152000000 153999999 0.0990108
hs1 154000000 155999999 0.196392
hs1 156000000 157999999 0.20606
hs1 158000000 159999999 0.12834
hs1 160000000 161999999 0.208441
hs1 162000000 163999999 0.169436
hs1 164000000 165999999 0.114089
hs1 166000000 167999999 0.159958
hs1 168000000 169999999 0.167455
hs1 170000000 171999999 0.220785
hs1 172000000 173999999 0.203085
hs1 174000000 175999999 0.256117
hs1 176000000 177999999 0.177605
hs1 178000000 179999999 0.130053
hs1 180000000 181999999 0.152097
hs1 182000000 183999999 0.254653
hs1 184000000 185999999 0.211966
hs1 186000000 187999999 0.204239
hs1 188000000 189999999 0.179663
hs1 190000000 191999999 0.234464
hs1 192000000 193999999 0.184197
hs1 194000000 195999999 0.168974
hs1 196000000 197999999 0.19933
hs1 198000000 199999999 0.207317
hs1 200000000 201999999 0.102324
hs1 202000000 203999999 0.133977
hs1 204000000 205999999 0.183088
hs1 206000000 207999999 0.172683
hs1 208000000 209999999 0.197763
hs1 210000000 211999999 0.140906
hs1 212000000 213999999 0.149188
hs1 214000000 215999999 0.250761
hs1 216000000 217999999 0.192619
hs1 218000000 219999999 0.162538
hs1 220000000 221999999 0.195447
hs1 222000000 223999999 0.174981
hs1 224000000 225999999 0.16417
hs1 226000000 227999999 0.110714
hs1 228000000 229999999 0.119674
hs1 230000000 231999999 0.154835
hs1 232000000 233999999 0.165266
hs1 234000000 235999999 0.134401
hs1 236000000 237999999 0.184133
hs1 238000000 239999999 0.196997
hs1 240000000 241999999 0.21465
hs1 242000000 243999999 0.180506
hs1 244000000 245999999 0.128588
hs1 246000000 247999999 0.173009
hs2 0 1999999 0.169475
hs2 2000000 3999999 0.175984
hs2 4000000 5999999 0.215227
hs2 6000000 7999999 0.19985
hs2 8000000 9999999 0.163745
hs2 10000000 11999999 0.181009
hs2 12000000 13999999 0.264984
hs2 14000000 15999999 0.12999
hs2 16000000 17999999 0.213316
hs2 18000000 19999999 0.261688
hs2 20000000 21999999 0.207877
hs2 22000000 23999999 0.240584
hs2 24000000 25999999 0.154829
hs2 26000000 27999999 0.0850561
hs2 28000000 29999999 0.225489
hs2 30000000 31999999 0.214045
hs2 32000000 33999999 0.10447
hs2 34000000 35999999 0.200594
hs2 36000000 37999999 0.250107
hs2 38000000 39999999 0.135038
hs2 40000000 41999999 0.171391
hs2 42000000 43999999 0.121921
hs2 44000000 45999999 0.212101
hs2 46000000 47999999 0.142403
hs2 48000000 49999999 0.224139
hs2 50000000 51999999 0.227624
hs2 52000000 53999999 0.0622703
hs2 54000000 55999999 0.188402
hs2 56000000 57999999 0.227952
hs2 58000000 59999999 0.244433
hs2 60000000 61999999 0.163972
hs2 62000000 63999999 0.0942614
hs2 64000000 65999999 0.148445
hs2 66000000 67999999 0.172048
hs2 68000000 69999999 0.160179
hs2 70000000 71999999 0.161421
hs2 72000000 73999999 0.203185
hs2 74000000 75999999 0.168039
hs2 76000000 77999999 0.229837
hs2 78000000 79999999 0.242412
hs2 80000000 81999999 0.1925
hs2 82000000 83999999 0.185942
hs2 84000000 85999999 0.153594
hs2 86000000 87999999 0.1705
hs2 88000000 89999999 0.22631
hs2 90000000 91999999 0.238798
hs2 94000000 95999999 0.259521
hs2 96000000 97999999 0.197677
hs2 98000000 99999999 0.165438
hs2 100000000 101999999 0.139717
hs2 102000000 103999999 0.255498
hs2 104000000 105999999 0.16336
hs2 106000000 107999999 0.0803913
hs2 108000000 109999999 0.134333
hs2 110000000 111999999 0.22589
hs2 112000000 113999999 0.179364
hs2 114000000 115999999 0.214027
hs2 116000000 117999999 0.20055
hs2 118000000 119999999 0.161726
hs2 120000000 121999999 0.166333
hs2 122000000 123999999 0.181317
hs2 124000000 125999999 0.197883
hs2 126000000 127999999 0.230571
hs2 128000000 129999999 0.192607
hs2 130000000 131999999 0.133338
hs2 132000000 133999999 0.200863
hs2 134000000 135999999 0.143539
hs2 136000000 137999999 0.165279
hs2 138000000 139999999 0.194935
hs2 140000000 141999999 0.154468
hs2 142000000 143999999 0.122124
hs2 144000000 145999999 0.200597
hs2 146000000 147999999 0.232372
hs2 148000000 149999999 0.215726
hs2 150000000 151999999 0.194933
hs2 152000000 153999999 0.147554
hs2 154000000 155999999 0.191615
hs2 156000000 157999999 0.179869
hs2 158000000 159999999 0.194484
hs2 160000000 161999999 0.127963
hs2 162000000 163999999 0.20637
hs2 164000000 165999999 0.198827
hs2 166000000 167999999 0.255415
hs2 168000000 169999999 0.229669
hs2 170000000 171999999 0.105121
hs2 172000000 173999999 0.205636
hs2 174000000 175999999 0.166183
hs2 176000000 177999999 0.192415
hs2 178000000 179999999 0.194835
hs2 180000000 181999999 0.259039
hs2 182000000 183999999 0.172655
hs2 184000000 185999999 0.133415
hs2 186000000 187999999 0.158689
hs2 188000000 189999999 0.150931
hs2 190000000 191999999 0.240676
hs2 192000000 193999999 0.236766
hs2 194000000 195999999 0.229484
hs2 196000000 197999999 0.177694
hs2 198000000 199999999 0.184133
hs2 200000000 201999999 0.149272
hs2 202000000 203999999 0.18431
hs2 204000000 205999999 0.213039
hs2 206000000 207999999 0.164206
hs2 208000000 209999999 0.13863
hs2 210000000 211999999 0.171041
hs2 212000000 213999999 0.207233
hs2 214000000 215999999 0.245116
hs2 216000000 217999999 0.160771
hs2 218000000 219999999 0.122727
hs2 220000000 221999999 0.323259
hs2 222000000 223999999 0.138366
hs2 224000000 225999999 0.22978
hs2 226000000 227999999 0.209911
hs2 228000000 229999999 0.197381
hs2 230000000 231999999 0.160272
hs2 232000000 233999999 0.14345
hs2 234000000 235999999 0.203282
hs2 236000000 237999999 0.203579
hs2 238000000 239999999 0.192108
hs2 240000000 241999999 0.1924
hs2 242000000 243999999 0.19634
