mm1 2000000 3999999 0.5688046
mm1 4000000 5999999 0.450345168
mm1 6000000 7999999 0.517205370212766
mm1 8000000 9999999 0.504119245614035
mm1 10000000 11999999 0.499972676923077
mm1 12000000 13999999 0.503570661538462
mm1 14000000 15999999 0.4903409
mm1 16000000 17999999 0.468968462962963
mm1 18000000 19999999 0.515641633333333
mm1 20000000 21999999 0.458791877272727
mm1 22000000 23999999 0.453810970588235
mm1 24000000 25999999 0.474162669230769
mm1 26000000 27999999 0.569578
mm1 28000000 29999999 0.533332153846154
mm1 30000000 31999999 0.492806104545454
mm1 32000000 33999999 0.448942184
mm1 34000000 35999999 0.399615575757576
mm1 36000000 37999999 0.399533104545455
mm1 38000000 39999999 0.453701660240964
mm1 40000000 41999999 0.463819217391304
mm1 42000000 43999999 0.520606134693878
mm1 44000000 45999999 0.372713811594203
mm1 46000000 47999999 0.456659831818182
mm1 48000000 49999999 0.565409181818182
mm1 50000000 51999999 0.470793975
mm1 52000000 53999999 0.449819096062992
mm1 54000000 55999999 0.439467253968254
mm1 56000000 57999999 0.438803433333333
mm1 58000000 59999999 0.425058202597402
mm1 60000000 61999999 0.45258150375
mm1 62000000 63999999 0.466595153846154
mm1 64000000 65999999 0.441327139473684
mm1 66000000 67999999 0.435591918181818
mm1 68000000 69999999 0.513266972972973
mm1 70000000 71999999 0.391052719148936
mm1 72000000 73999999 0.442824968085106
mm1 74000000 75999999 0.334761554867257
mm1 76000000 77999999 0.433587789473684
mm1 78000000 79999999 0.4574161078125
mm1 80000000 81999999 0.448290454545454
mm1 82000000 83999999 0.437216928571429
mm1 84000000 85999999 0.4658034
mm1 86000000 87999999 0.463099444444444
mm1 88000000 89999999 0.429291385365854
mm1 90000000 91999999 0.500091955882353
mm1 92000000 93999999 0.409746685858586
mm1 94000000 95999999 0.406327607692308
mm1 96000000 97999999 0.603830285714286
mm1 98000000 99999999 0.42885116
mm1 100000000 101999999 0.511996307692308
mm1 102000000 103999999 0.493089285714286
mm1 104000000 105999999 0.494290428571429
mm1 106000000 107999999 0.478727730769231
mm1 108000000 109999999 0.463872819178082
mm1 110000000 111999999 0.476623083333333
mm1 112000000 113999999 0.528516647058824
mm1 114000000 115999999 0.549857
mm1 116000000 117999999 0.488974142857143
mm1 118000000 119999999 0.502099434782609
mm1 120000000 121999999 0.452544080808081
mm1 122000000 123999999 0.5160149525
mm1 124000000 125999999 0.515949882352941
mm1 126000000 127999999 0.4623063
mm1 128000000 129999999 0.503973710294118
mm1 130000000 131999999 0.479560420338983
mm1 132000000 133999999 0.424559409638554
mm1 134000000 135999999 0.370945921348315
mm1 136000000 137999999 0.38213737037037
mm1 138000000 139999999 0.4010068
mm1 140000000 141999999 0.434891856363636
mm1 142000000 143999999 0.440782136363636
mm1 144000000 145999999 0.480164035714286
mm1 146000000 147999999 0.5012795
mm1 148000000 149999999 0.512955333333333
mm1 150000000 151999999 0.438774
mm1 152000000 153999999 0.399156097826087
mm1 154000000 155999999 0.431354068421053
mm1 156000000 157999999 0.439944544444444
mm1 158000000 159999999 0.450915098387097
mm1 160000000 161999999 0.46248246875
mm1 162000000 163999999 0.466168438297872
mm1 164000000 165999999 0.407650986021505
mm1 166000000 167999999 0.445818526315789
mm1 168000000 169999999 0.452634317460317
mm1 170000000 171999999 0.489281747222222
mm1 172000000 173999999 0.46037897368421
mm1 174000000 175999999 0.366023803030303
mm1 176000000 177999999 0.420557821621622
mm1 178000000 179999999 0.45661576744186
mm1 180000000 181999999 0.465079721311475
mm1 182000000 183999999 0.447412030769231
mm1 184000000 185999999 0.447806723913043
mm1 186000000 187999999 0.419072361445783
mm1 188000000 189999999 0.506817804347826
mm1 190000000 191999999 0.463906614814815
mm1 192000000 193999999 0.426526503703704
mm1 194000000 195999999 0.462462228571429
mm1 196000000 197999999 0.460897826086957
mm2 2000000 3999999 0.4843400625
mm2 4000000 5999999 0.497448799056604
mm2 6000000 7999999 0.527342269230769
mm2 8000000 9999999 0.500068931034483
mm2 10000000 11999999 0.469469447761194
mm2 12000000 13999999 0.453846581818182
mm2 14000000 15999999 0.476243983606557
mm2 16000000 17999999 0.495836181818182
mm2 18000000 19999999 0.477223566666667
mm2 20000000 21999999 0.501604692307692
mm2 22000000 23999999 0.479031074468085
mm2 24000000 25999999 0.385716802142857
mm2 26000000 27999999 0.368890491366906
mm2 28000000 29999999 0.397092758119658
mm2 30000000 31999999 0.397292741436464
mm2 32000000 33999999 0.418615952702703
mm2 34000000 35999999 0.47538047826087
mm2 36000000 37999999 0.440614234234234
mm2 38000000 39999999 0.497124014084507
mm2 40000000 41999999 0.49854185
mm2 42000000 43999999 0.501128705882353
mm2 44000000 45999999 0.497043246153846
mm2 46000000 47999999 0.61892325
mm2 48000000 49999999 0.481418901960784
mm2 50000000 51999999 0.424265681818182
mm2 52000000 53999999 0.376312663218391
mm2 54000000 55999999 0.57075408
mm2 56000000 57999999 0.521456819672131
mm2 58000000 59999999 0.4779528125
mm2 60000000 61999999 0.46455248
mm2 62000000 63999999 0.454617971014493
mm2 64000000 65999999 0.476462968354431
mm2 66000000 67999999 0.422814506849315
mm2 68000000 69999999 0.44206472406015
mm2 70000000 71999999 0.41704814
mm2 72000000 73999999 0.487812213821138
mm2 74000000 75999999 0.484563488095238
mm2 76000000 77999999 0.434073446666667
mm2 78000000 79999999 0.467904473333333
mm2 80000000 81999999 0.434748914893617
mm2 82000000 83999999 0.451186344444444
mm2 84000000 85999999 0.37929275257732
mm2 86000000 87999999 0.379351253968254
mm2 88000000 89999999 0.359548092592593
mm2 90000000 91999999 0.39557081474359
mm2 92000000 93999999 0.4515680015625
mm2 94000000 95999999 0.421232608695652
mm2 96000000 97999999 0.5195805
mm2 98000000 99999999 0.62044225
mm2 100000000 101999999 0.49825315
mm2 102000000 103999999 0.448760731081081
mm2 104000000 105999999 0.4410224
mm2 106000000 107999999 0.554704666666667
mm2 108000000 109999999 0.440079807692308
mm2 110000000 111999999 0.4056303875
mm2 112000000 113999999 0.414643754237288
mm2 114000000 115999999 0.484819649122807
mm2 116000000 117999999 0.490434214583333
mm2 118000000 119999999 0.414830380434783
mm2 120000000 121999999 0.399390291794871
mm2 122000000 123999999 0.402945085106383
mm2 124000000 125999999 0.414585508602151
mm2 126000000 127999999 0.411193781147541
mm2 128000000 129999999 0.376183857692308
mm2 130000000 131999999 0.438926118897638
mm2 132000000 133999999 0.40714787755102
mm2 134000000 135999999 0.451409033333333
mm2 136000000 137999999 0.464256434782609
mm2 138000000 139999999 0.520869296296296
mm2 140000000 141999999 0.49686445
mm2 142000000 143999999 0.483750641509434
mm2 144000000 145999999 0.434291507462686
mm2 146000000 147999999 0.478540897435898
mm2 148000000 149999999 0.4686476
mm2 150000000 151999999 0.426166814772727
mm2 152000000 153999999 0.408249358558559
mm2 154000000 155999999 0.435586731515151
mm2 156000000 157999999 0.451371503875969
mm2 158000000 159999999 0.453097391176471
mm2 160000000 161999999 0.3922367
mm2 162000000 163999999 0.450033006034483
mm2 164000000 165999999 0.421813431404959
mm2 166000000 167999999 0.414669180672269
mm2 168000000 169999999 0.495568465384615
mm2 170000000 171999999 0.43619724
mm2 172000000 173999999 0.43769425
mm2 174000000 175999999 0.423872409090909
mm2 176000000 177999999 0.458854404255319
mm2 178000000 179999999 0.402511467532467
mm2 180000000 181999999 0.384038897887324
hs1 0 1999999 0.439603664335664
hs1 2000000 3999999 0.421240798245614
hs1 4000000 5999999 0.473995444444444
hs1 6000000 7999999 0.44744348442623
hs1 8000000 9999999 0.453880751764706
hs1 10000000 11999999 0.462629267379679
hs1 12000000 13999999 0.497665279411765
hs1 14000000 15999999 0.447284877192982
hs1 16000000 17999999 0.409529296478873
hs1 18000000 19999999 0.413634685714286
hs1 20000000 21999999 0.448512020833333
hs1 22000000 23999999 0.429233008928571
hs1 24000000 25999999 0.495760783157895
hs1 26000000 27999999 0.430897286466165
hs1 28000000 29999999 0.457525804464286
hs1 30000000 31999999 0.406927933846154
hs1 32000000 33999999 0.453535641025641
hs1 34000000 35999999 0.476681157142857
hs1 36000000 37999999 0.449764867256637
hs1 38000000 39999999 0.430883048091603
hs1 40000000 41999999 0.455528645454545
hs1 42000000 43999999 0.446278531531531
hs1 44000000 45999999 0.474230726495727
hs1 46000000 47999999 0.477998867326733
hs1 48000000 49999999 0.54759925
hs1 50000000 51999999 0.483359590163934
hs1 52000000 53999999 0.488640303012048
hs1 54000000 55999999 0.421763602150538
hs1 56000000 57999999 0.495075657142857
hs1 58000000 59999999 0.534057863636364
hs1 60000000 61999999 0.498782428571429
hs1 62000000 63999999 0.46838581
hs1 64000000 65999999 0.496481484375
hs1 66000000 67999999 0.459869888888889
hs1 68000000 69999999 0.466751807692308
hs1 70000000 71999999 0.52227455
hs1 72000000 73999999 0.5529175
hs1 74000000 75999999 0.468254688888889
hs1 76000000 77999999 0.477597057692308
hs1 78000000 79999999 0.490714676470588
hs1 80000000 81999999 0.522723625
hs1 82000000 83999999 0.412209928571429
hs1 84000000 85999999 0.468034494382022
hs1 86000000 87999999 0.518420818181818
hs1 88000000 89999999 0.548662785714286
hs1 90000000 91999999 0.528429309859155
hs1 92000000 93999999 0.502889909302325
hs1 94000000 95999999 0.402259288461538
hs1 96000000 97999999 0.538140741935484
hs1 98000000 99999999 0.500934368421053
hs1 100000000 101999999 0.48954084
hs1 102000000 103999999 0.417726434042553
hs1 104000000 105999999 0.38977495
hs1 106000000 107999999 0.5375204375
hs1 108000000 109999999 0.449238706349206
hs1 110000000 111999999 0.430450952380952
hs1 112000000 113999999 0.471930675675676
hs1 114000000 115999999 0.434598849382716
hs1 116000000 117999999 0.481445089230769
hs1 118000000 119999999 0.523770396721311
hs1 120000000 121999999 0.447849243902439
hs1 140000000 141999999 0.568092142857143
hs1 142000000 143999999 0.521241849056604
hs1 144000000 145999999 0.462295713445378
hs1 146000000 147999999 0.520621197916667
hs1 148000000 149999999 0.419448373611111
hs1 150000000 151999999 0.395181609756098
hs1 152000000 153999999 0.399616639375
hs1 154000000 155999999 0.409328243902439
hs1 156000000 157999999 0.39450143939394
hs1 158000000 159999999 0.424649654867257
hs1 160000000 161999999 0.428980608695652
hs1 162000000 163999999 0.5283864
hs1 164000000 165999999 0.472015449275362
hs1 166000000 167999999 0.479550488732394
hs1 168000000 169999999 0.482696257425743
hs1 170000000 171999999 0.454233279069768
hs1 172000000 173999999 0.493794115384616
hs1 174000000 175999999 0.502419961538461
hs1 176000000 177999999 0.509084885
hs1 178000000 179999999 0.470485917910448
hs1 180000000 181999999 0.446201076923077
hs1 182000000 183999999 0.462565685185185
hs1 184000000 185999999 0.376798605263158
hs1 186000000 187999999 0.507268857142857
hs1 188000000 189999999 0.56306675
hs1 190000000 191999999 0.512293177777778
hs1 192000000 193999999 0.5889895
hs1 194000000 195999999 0.451929575806452
hs1 196000000 197999999 0.433377590909091
hs1 198000000 199999999 0.430174527472528
hs1 200000000 201999999 0.420439016
hs1 202000000 203999999 0.406788346728972
hs1 204000000 205999999 0.431838882692308
hs1 206000000 207999999 0.446961138888889
hs1 208000000 209999999 0.534370280701754
hs1 210000000 211999999 0.476774022222222
hs1 212000000 213999999 0.525610297222222
hs1 214000000 215999999 0.50050188372093
hs1 216000000 217999999 0.563838863636364
hs1 218000000 219999999 0.486376170731707
hs1 220000000 221999999 0.452834474418605
hs1 222000000 223999999 0.4996276
hs1 224000000 225999999 0.454082607843137
hs1 226000000 227999999 0.449339514545455
hs1 228000000 229999999 0.483582167857143
hs1 230000000 231999999 0.547142134615385
hs1 232000000 233999999 0.520061933333333
hs1 234000000 235999999 0.446715047222222
hs1 236000000 237999999 0.443958476190476
hs1 238000000 239999999 0.509159602222222
hs1 240000000 241999999 0.516406454385965
hs1 242000000 243999999 0.473099147058823
hs1 244000000 245999999 0.461203575757576
hs1 246000000 247999999 0.407257047619048
hs2 0 1999999 0.476192234375
hs2 2000000 3999999 0.49089025
hs2 4000000 5999999 0.551496545454546
hs2 6000000 7999999 0.5713834375
hs2 8000000 9999999 0.477818722093023
hs2 10000000 11999999 0.444459916981132
hs2 12000000 13999999 0.5091806
hs2 14000000 15999999 0.423568387096774
hs2 16000000 17999999 0.495808878787879
hs2 18000000 19999999 0.4250641875
hs2 20000000 21999999 0.447616112068965
hs2 22000000 23999999 0.523852891891892
hs2 24000000 25999999 0.473970257843137
hs2 26000000 27999999 0.435834828030303
hs2 28000000 29999999 0.48466276
hs2 30000000 31999999 0.482504216666667
hs2 32000000 33999999 0.495113945054945
hs2 36000000 37999999 0.487166737349398
hs2 38000000 39999999 0.498700106944445
hs2 40000000 41999999 0.564104285714286
hs2 42000000 43999999 0.466870184210526
hs2 44000000 45999999 0.497024017241379
hs2 46000000 47999999 0.508534650684932
hs2 48000000 49999999 0.548867333333333
hs2 50000000 51999999 0.513794260869565
hs2 52000000 53999999 0.459105761904762
hs2 54000000 55999999 0.439250286607143
hs2 56000000 57999999 0.584723153846154
hs2 58000000 59999999 0.558683028571428
hs2 60000000 61999999 0.451584597979798
hs2 62000000 63999999 0.502808507936508
hs2 64000000 65999999 0.517432148148148
hs2 66000000 67999999 0.552994073170732
hs2 68000000 69999999 0.478513874444445
hs2 70000000 71999999 0.420319340697674
hs2 72000000 73999999 0.432443238095238
hs2 74000000 75999999 0.431636423076923
hs2 76000000 77999999 0.551364444444445
hs2 78000000 79999999 0.562170666666667
hs2 80000000 81999999 0.549248571428571
hs2 82000000 83999999 0.5271957
hs2 84000000 85999999 0.493103004
hs2 86000000 87999999 0.479217614583333
hs2 88000000 89999999 0.49748604
hs2 90000000 91999999 0.527811314285714
hs2 94000000 95999999 0.492721106382979
hs2 96000000 97999999 0.404605064516129
hs2 98000000 99999999 0.456489057142857
hs2 100000000 101999999 0.463643757534246
hs2 102000000 103999999 0.515332875
hs2 104000000 105999999 0.548834814285714
hs2 106000000 107999999 0.505804176470588
hs2 108000000 109999999 0.472404137333333
hs2 110000000 111999999 0.46859854057971
hs2 112000000 113999999 0.45510859
hs2 114000000 115999999 0.5350760825
hs2 116000000 117999999 0.470785333333333
hs2 118000000 119999999 0.507382731707317
hs2 120000000 121999999 0.476937414634146
hs2 122000000 123999999 0.530527
hs2 124000000 125999999 0.472469736842105
hs2 126000000 127999999 0.427623386956522
hs2 128000000 129999999 0.43421035
hs2 130000000 131999999 0.460613148648649
hs2 132000000 133999999 0.478901181818182
hs2 134000000 135999999 0.501340216666667
hs2 136000000 137999999 0.477618423728814
hs2 138000000 139999999 0.534550041666667
hs2 140000000 141999999 0.516659154929577
hs2 142000000 143999999 0.512555416666667
hs2 144000000 145999999 0.544646253521127
hs2 146000000 147999999 0.632410434782609
hs2 148000000 149999999 0.51405918
hs2 150000000 151999999 0.474524916666667
hs2 152000000 153999999 0.394304054545454
hs2 154000000 155999999 0.557446592592593
hs2 156000000 157999999 0.51389452631579
hs2 158000000 159999999 0.490296855421687
hs2 160000000 161999999 0.490326518518518
hs2 162000000 163999999 0.473695
hs2 164000000 165999999 0.490392883116883
hs2 166000000 167999999 0.431864960526316
hs2 168000000 169999999 0.463759554216867
hs2 170000000 171999999 0.422072783168317
hs2 172000000 173999999 0.490235669902913
hs2 174000000 175999999 0.502461355555556
hs2 176000000 177999999 0.491220014084507
hs2 178000000 179999999 0.471220457894737
hs2 180000000 181999999 0.513565045454545
hs2 182000000 183999999 0.443664153333333
hs2 184000000 185999999 0.5740312
hs2 186000000 187999999 0.43288424137931
hs2 188000000 189999999 0.433602148148148
hs2 190000000 191999999 0.438883804123711
hs2 192000000 193999999 0.536623894736842
hs2 194000000 195999999 0.538303857142857
hs2 196000000 197999999 0.449456417142857
hs2 198000000 199999999 0.47110656
hs2 200000000 201999999 0.447733270967742
hs2 202000000 203999999 0.453974251968504
hs2 204000000 205999999 0.467970904761905
hs2 206000000 207999999 0.513603661538462
hs2 208000000 209999999 0.487817746835443
hs2 210000000 211999999 0.465512423913043
hs2 212000000 213999999 0.532667518518519
hs2 214000000 215999999 0.399698275
hs2 216000000 217999999 0.466271721052631
hs2 218000000 219999999 0.390652375862069
hs2 220000000 221999999 0.396263382352941
hs2 222000000 223999999 0.488435967741935
hs2 224000000 225999999 0.484667666666667
hs2 226000000 227999999 0.411150805
hs2 228000000 229999999 0.577718739130435
hs2 230000000 231999999 0.4991020421875
hs2 232000000 233999999 0.45058261553398
hs2 234000000 235999999 0.451305350877193
hs2 236000000 237999999 0.474269778947368
hs2 238000000 239999999 0.454851609638554
hs2 240000000 241999999 0.412824632075472
hs2 242000000 243999999 0.440117094339623
