mm1 2000000 3999999 0.449598233766234
mm1 4000000 5999999 0.4680619
mm1 6000000 7999999 0.449650447619047
mm1 8000000 9999999 0.4211994
mm1 10000000 11999999 0.439079022807017
mm1 12000000 13999999 0.44630188700565
mm1 14000000 15999999 0.452856295597484
mm1 16000000 17999999 0.427028820359281
mm1 18000000 19999999 0.456544401197605
mm1 20000000 21999999 0.443297901162791
mm1 22000000 23999999 0.435560236111111
mm1 24000000 25999999 0.451463235294117
mm1 26000000 27999999 0.450085273148148
mm1 28000000 29999999 0.456304251121076
mm1 30000000 31999999 0.446514680203046
mm1 32000000 33999999 0.436463306010929
mm1 34000000 35999999 0.457981607594937
mm1 36000000 37999999 0.424002721052632
mm1 38000000 39999999 0.4256058
mm1 40000000 41999999 0.447487031847134
mm1 42000000 43999999 0.450619646706587
mm1 44000000 45999999 0.467480840764332
mm1 46000000 47999999 0.461313709302325
mm1 48000000 49999999 0.458297662146892
mm1 50000000 51999999 0.462758729032258
mm1 52000000 53999999 0.439934716129032
mm1 54000000 55999999 0.441583212121212
mm1 56000000 57999999 0.485938145985402
mm1 58000000 59999999 0.438745966666667
mm1 60000000 61999999 0.450030302816901
mm1 62000000 63999999 0.45730409375
mm1 64000000 65999999 0.46104774556213
mm1 66000000 67999999 0.45508908125
mm1 68000000 69999999 0.455079493150685
mm1 70000000 71999999 0.449381479166667
mm1 72000000 73999999 0.452530639097744
mm1 74000000 75999999 0.456138393661972
mm1 76000000 77999999 0.47542573880597
mm1 78000000 79999999 0.431608315476191
mm1 80000000 81999999 0.446974509259259
mm1 82000000 83999999 0.446800277777778
mm1 84000000 85999999 0.424012783333333
mm1 86000000 87999999 0.403781913043478
mm1 88000000 89999999 0.428683820359282
mm1 90000000 91999999 0.401195436046512
mm1 92000000 93999999 0.429235898089172
mm1 94000000 95999999 0.44819624
mm1 96000000 97999999 0.444448532110092
mm1 98000000 99999999 0.446391789915966
mm1 100000000 101999999 0.434338168539326
mm1 102000000 103999999 0.413698081967213
mm1 104000000 105999999 0.444687926829268
mm1 106000000 107999999 0.450496303030303
mm1 108000000 109999999 0.444122245637584
mm1 110000000 111999999 0.444644479591837
mm1 112000000 113999999 0.45909174137931
mm1 114000000 115999999 0.436102159722222
mm1 116000000 117999999 0.436051781249999
mm1 118000000 119999999 0.411016649484536
mm1 120000000 121999999 0.399873863874346
mm1 122000000 123999999 0.39036826146789
mm1 124000000 125999999 0.399171004237288
mm1 126000000 127999999 0.385491794117647
mm1 128000000 129999999 0.363581466292135
mm1 130000000 131999999 0.423522840236686
mm1 132000000 133999999 0.449256908396946
mm1 134000000 135999999 0.451158738461538
mm1 136000000 137999999 0.436054483050847
mm1 138000000 139999999 0.448189722543353
mm1 140000000 141999999 0.46334806060606
mm1 142000000 143999999 0.459518382589286
mm1 144000000 145999999 0.46111418367347
mm1 146000000 147999999 0.458723590697674
mm1 148000000 149999999 0.483069140350877
mm1 150000000 151999999 0.459102762626263
mm1 152000000 153999999 0.45005702
mm1 154000000 155999999 0.416097275862069
mm1 156000000 157999999 0.444969795454545
mm1 158000000 159999999 0.434314933333333
mm1 160000000 161999999 0.481648387931034
mm1 162000000 163999999 0.431317166666667
mm1 164000000 165999999 0.45340022972973
mm1 166000000 167999999 0.44456515483871
mm1 168000000 169999999 0.438851338028169
mm1 170000000 171999999 0.466617681818182
mm1 172000000 173999999 0.442422911949685
mm1 174000000 175999999 0.467160333333333
mm1 176000000 177999999 0.431610209876543
mm1 178000000 179999999 0.43625504516129
mm1 180000000 181999999 0.424287767857143
mm1 182000000 183999999 0.401256603351955
mm1 184000000 185999999 0.441250243478261
mm1 186000000 187999999 0.440483811428572
mm1 188000000 189999999 0.44346184496124
mm1 190000000 191999999 0.428626571428572
mm1 192000000 193999999 0.414356925925926
mm1 194000000 195999999 0.440928375
mm1 196000000 197999999 0.460644292307692
mm2 2000000 3999999 0.416548139784946
mm2 4000000 5999999 0.393379963190184
mm2 6000000 7999999 0.44141455625
mm2 8000000 9999999 0.431168157575757
mm2 10000000 11999999 0.400312620253165
mm2 12000000 13999999 0.438498611842105
mm2 14000000 15999999 0.431564088235294
mm2 16000000 17999999 0.430487176470588
mm2 18000000 19999999 0.440327294444444
mm2 20000000 21999999 0.425993378048781
mm2 22000000 23999999 0.443618395683453
mm2 24000000 25999999 0.453580711656442
mm2 26000000 27999999 0.454754727272727
mm2 28000000 29999999 0.424911280701754
mm2 30000000 31999999 0.426153910526316
mm2 32000000 33999999 0.429162824675325
mm2 34000000 35999999 0.439816304
mm2 36000000 37999999 0.524541683168317
mm2 38000000 39999999 0.450575551724138
mm2 40000000 41999999 0.457269208888889
mm2 42000000 43999999 0.467058468926554
mm2 44000000 45999999 0.497354007352941
mm2 46000000 47999999 0.477046513089005
mm2 48000000 49999999 0.468800469798658
mm2 50000000 51999999 0.44337638125
mm2 52000000 53999999 0.455318064102564
mm2 54000000 55999999 0.455100507462687
mm2 56000000 57999999 0.474273337254902
mm2 58000000 59999999 0.441128293233083
mm2 60000000 61999999 0.472058908450704
mm2 62000000 63999999 0.476575115107914
mm2 64000000 65999999 0.480907613793103
mm2 66000000 67999999 0.456187757062147
mm2 68000000 69999999 0.436176579365079
mm2 70000000 71999999 0.423870326530612
mm2 72000000 73999999 0.441032124137931
mm2 74000000 75999999 0.477149525423729
mm2 76000000 77999999 0.470336840336134
mm2 78000000 79999999 0.464116426666667
mm2 80000000 81999999 0.456344138461538
mm2 82000000 83999999 0.470124756218905
mm2 84000000 85999999 0.484823713450292
mm2 86000000 87999999 0.566975670807453
mm2 88000000 89999999 0.554477815384616
mm2 90000000 91999999 0.4243687
mm2 92000000 93999999 0.4294205
mm2 94000000 95999999 0.458507989637305
mm2 96000000 97999999 0.45736226
mm2 98000000 99999999 0.447557277272727
mm2 100000000 101999999 0.453527895604396
mm2 102000000 103999999 0.437596594827586
mm2 104000000 105999999 0.432678569536424
mm2 106000000 107999999 0.469125666666667
mm2 108000000 109999999 0.460957728813559
mm2 110000000 111999999 0.45269393258427
mm2 112000000 113999999 0.452509865079365
mm2 114000000 115999999 0.498342984496124
mm2 116000000 117999999 0.457419277027027
mm2 118000000 119999999 0.428255899441341
mm2 120000000 121999999 0.409785432748538
mm2 122000000 123999999 0.471953076023392
mm2 124000000 125999999 0.47112502173913
mm2 126000000 127999999 0.426999392405063
mm2 128000000 129999999 0.437458974193548
mm2 130000000 131999999 0.447628552325581
mm2 132000000 133999999 0.454267132183908
mm2 134000000 135999999 0.454585629139073
mm2 136000000 137999999 0.48002088
mm2 138000000 139999999 0.468872627777778
mm2 140000000 141999999 0.480062639240506
mm2 142000000 143999999 0.467317493589743
mm2 144000000 145999999 0.440709953642384
mm2 146000000 147999999 0.453611751724138
mm2 148000000 149999999 0.439456304964539
mm2 150000000 151999999 0.424799122222222
mm2 152000000 153999999 0.433652501123596
mm2 154000000 155999999 0.424527425414364
mm2 156000000 157999999 0.423422280821918
mm2 158000000 159999999 0.460565284671533
mm2 160000000 161999999 0.470100106870229
mm2 162000000 163999999 0.449851717948718
mm2 164000000 165999999 0.435261640449438
mm2 166000000 167999999 0.41221030044843
mm2 168000000 169999999 0.409027215789474
mm2 170000000 171999999 0.424584643617021
mm2 172000000 173999999 0.435820139175258
mm2 174000000 175999999 0.4701449
mm2 176000000 177999999 0.406946538461538
mm2 178000000 179999999 0.428918978037383
mm2 180000000 181999999 0.454315455172414
hs1 0 1999999 0.426689844827586
hs1 2000000 3999999 0.434736668508287
hs1 4000000 5999999 0.45614973364486
hs1 6000000 7999999 0.430994483695652
hs1 8000000 9999999 0.402309746606335
hs1 10000000 11999999 0.426177010752688
hs1 12000000 13999999 0.454593035460993
hs1 14000000 15999999 0.428788013824884
hs1 16000000 17999999 0.429742405882353
hs1 18000000 19999999 0.431947379146919
hs1 20000000 21999999 0.417386462427746
hs1 22000000 23999999 0.434802938624339
hs1 24000000 25999999 0.399837324742268
hs1 26000000 27999999 0.420137085714286
hs1 28000000 29999999 0.416194316455696
hs1 30000000 31999999 0.452543168674699
hs1 32000000 33999999 0.421493415204678
hs1 34000000 35999999 0.451093395683453
hs1 36000000 37999999 0.446941420382165
hs1 38000000 39999999 0.448303514450867
hs1 40000000 41999999 0.456558269736842
hs1 42000000 43999999 0.4500600375
hs1 44000000 45999999 0.438979554878049
hs1 46000000 47999999 0.44105490070922
hs1 48000000 49999999 0.488314426666667
hs1 50000000 51999999 0.453351617567568
hs1 52000000 53999999 0.438817594444444
hs1 54000000 55999999 0.452606839779005
hs1 56000000 57999999 0.476803962962963
hs1 58000000 59999999 0.478374375
hs1 60000000 61999999 0.480685308641975
hs1 62000000 63999999 0.440678541436464
hs1 64000000 65999999 0.447530005988024
hs1 66000000 67999999 0.44453312
hs1 68000000 69999999 0.469685484662577
hs1 70000000 71999999 0.459609852459017
hs1 72000000 73999999 0.455076163934426
hs1 74000000 75999999 0.455303369318182
hs1 76000000 77999999 0.447944722222222
hs1 78000000 79999999 0.469675070754717
hs1 80000000 81999999 0.487290144578313
hs1 82000000 83999999 0.490955481481481
hs1 84000000 85999999 0.445728311764706
hs1 86000000 87999999 0.47274261875
hs1 88000000 89999999 0.482625496350365
hs1 90000000 91999999 0.472324367231639
hs1 92000000 93999999 0.428467473118279
hs1 94000000 95999999 0.463160385620915
hs1 96000000 97999999 0.500206757062146
hs1 98000000 99999999 0.476047783625731
hs1 100000000 101999999 0.454919319587628
hs1 102000000 103999999 0.486902586592179
hs1 104000000 105999999 0.486234101910828
hs1 106000000 107999999 0.494867551724138
hs1 108000000 109999999 0.449024506097561
hs1 110000000 111999999 0.459185201550388
hs1 112000000 113999999 0.452844705194805
hs1 114000000 115999999 0.4614012
hs1 116000000 117999999 0.45992344516129
hs1 118000000 119999999 0.477970853658537
hs1 120000000 121999999 0.448031083333333
hs1 140000000 141999999 0.511819307692308
hs1 142000000 143999999 0.481713712643678
hs1 144000000 145999999 0.458163840909091
hs1 146000000 147999999 0.481124567164179
hs1 148000000 149999999 0.411823365168539
hs1 150000000 151999999 0.467830322580645
hs1 152000000 153999999 0.443775823376623
hs1 154000000 155999999 0.453872101351351
hs1 156000000 157999999 0.472977658119658
hs1 158000000 159999999 0.466755027586207
hs1 160000000 161999999 0.482772863354037
hs1 162000000 163999999 0.483495370629371
hs1 164000000 165999999 0.45202541566265
hs1 166000000 167999999 0.458893579207921
hs1 168000000 169999999 0.467037384615385
hs1 170000000 171999999 0.48391322
hs1 172000000 173999999 0.460352
hs1 174000000 175999999 0.498983094890511
hs1 176000000 177999999 0.437654016129032
hs1 178000000 179999999 0.459612699386503
hs1 180000000 181999999 0.451084394904459
hs1 182000000 183999999 0.464501621301775
hs1 184000000 185999999 0.476671630434783
hs1 186000000 187999999 0.480892584210526
hs1 188000000 189999999 0.466394285
hs1 190000000 191999999 0.460051184782609
hs1 192000000 193999999 0.467561328125
hs1 194000000 195999999 0.475275335106383
hs1 196000000 197999999 0.481129941558442
hs1 198000000 199999999 0.425593229299363
hs1 200000000 201999999 0.434932461038961
hs1 202000000 203999999 0.412343122448979
hs1 204000000 205999999 0.476496830188679
hs1 206000000 207999999 0.483684659259259
hs1 208000000 209999999 0.431835988636364
hs1 210000000 211999999 0.426036031578947
hs1 212000000 213999999 0.451507989189189
hs1 214000000 215999999 0.473125467105263
hs1 216000000 217999999 0.466531994475138
hs1 218000000 219999999 0.448913568421052
hs1 220000000 221999999 0.447476539393939
hs1 222000000 223999999 0.433857584269663
hs1 224000000 225999999 0.419274970238095
hs1 226000000 227999999 0.465641830188679
hs1 228000000 229999999 0.413772559585492
hs1 230000000 231999999 0.463387488888889
hs1 232000000 233999999 0.426916873096447
hs1 234000000 235999999 0.426098072115385
hs1 236000000 237999999 0.455442211340206
hs1 238000000 239999999 0.453575368131868
hs1 240000000 241999999 0.451439897727272
hs1 242000000 243999999 0.426440443113773
hs1 244000000 245999999 0.435479634482759
hs1 246000000 247999999 0.459125625
hs2 0 1999999 0.465243296296296
hs2 2000000 3999999 0.43830960952381
hs2 4000000 5999999 0.454025903061224
hs2 6000000 7999999 0.455957114285714
hs2 8000000 9999999 0.440796913705583
hs2 10000000 11999999 0.434494870813397
hs2 12000000 13999999 0.470556880597015
hs2 14000000 15999999 0.456621720930232
hs2 16000000 17999999 0.469307023809524
hs2 18000000 19999999 0.495170421052632
hs2 20000000 21999999 0.478087105960265
hs2 22000000 23999999 0.49480464
hs2 24000000 25999999 0.428926425531915
hs2 26000000 27999999 0.436006943312102
hs2 28000000 29999999 0.445492335714286
hs2 30000000 31999999 0.4629656
hs2 32000000 33999999 0.427044355329949
hs2 34000000 35999999 0.456833964646465
hs2 36000000 37999999 0.462710047058824
hs2 38000000 39999999 0.43293781122449
hs2 40000000 41999999 0.46040500591716
hs2 42000000 43999999 0.430279145945946
hs2 44000000 45999999 0.455095596273292
hs2 46000000 47999999 0.434265864583333
hs2 48000000 49999999 0.465821497382199
hs2 50000000 51999999 0.460487689873418
hs2 52000000 53999999 0.449153649137931
hs2 54000000 55999999 0.431271267759563
hs2 56000000 57999999 0.477196261146497
hs2 58000000 59999999 0.507240850340136
hs2 60000000 61999999 0.445730375
hs2 62000000 63999999 0.46277210887574
hs2 64000000 65999999 0.428645079207921
hs2 66000000 67999999 0.496912075342466
hs2 68000000 69999999 0.442112362637363
hs2 70000000 71999999 0.437609604166667
hs2 72000000 73999999 0.443704891304348
hs2 74000000 75999999 0.463706879629629
hs2 76000000 77999999 0.460795904761905
hs2 78000000 79999999 0.460289203045685
hs2 80000000 81999999 0.467991684210527
hs2 82000000 83999999 0.458413932291667
hs2 84000000 85999999 0.430162390862944
hs2 86000000 87999999 0.443649962962963
hs2 88000000 89999999 0.463314722891566
hs2 90000000 91999999 0.470211
hs2 94000000 95999999 0.477772035714286
hs2 96000000 97999999 0.430528858490566
hs2 98000000 99999999 0.441778317204301
hs2 100000000 101999999 0.42082454787234
hs2 102000000 103999999 0.457623788461539
hs2 104000000 105999999 0.460739185393258
hs2 106000000 107999999 0.451650629104478
hs2 108000000 109999999 0.445033175182482
hs2 110000000 111999999 0.471767928571429
hs2 112000000 113999999 0.425906797619048
hs2 114000000 115999999 0.444803295154185
hs2 116000000 117999999 0.461311712264151
hs2 118000000 119999999 0.459560708333334
hs2 120000000 121999999 0.459530208695652
hs2 122000000 123999999 0.458905984042553
hs2 124000000 125999999 0.438955923611111
hs2 126000000 127999999 0.424610490909091
hs2 128000000 129999999 0.44817588429752
hs2 130000000 131999999 0.43570252
hs2 132000000 133999999 0.46574777443609
hs2 134000000 135999999 0.450953314285715
hs2 136000000 137999999 0.467873402061856
hs2 138000000 139999999 0.4605883125
hs2 140000000 141999999 0.442967039800995
hs2 142000000 143999999 0.451228607142857
hs2 144000000 145999999 0.515643165467626
hs2 146000000 147999999 0.495703443820224
hs2 148000000 149999999 0.464369313868613
hs2 150000000 151999999 0.465400217142857
hs2 152000000 153999999 0.454946845679012
hs2 154000000 155999999 0.458841353293413
hs2 156000000 157999999 0.500906912162162
hs2 158000000 159999999 0.440771605263158
hs2 160000000 161999999 0.468231039215686
hs2 162000000 163999999 0.484601607142857
hs2 164000000 165999999 0.488942401234568
hs2 166000000 167999999 0.469962570588235
hs2 168000000 169999999 0.460120558282209
hs2 170000000 171999999 0.435344464480874
hs2 172000000 173999999 0.451083909090909
hs2 174000000 175999999 0.475626698863637
hs2 176000000 177999999 0.493990306122449
hs2 178000000 179999999 0.476161536764706
hs2 180000000 181999999 0.490493589285714
hs2 182000000 183999999 0.46476010880829
hs2 184000000 185999999 0.470627868852459
hs2 186000000 187999999 0.49186684
hs2 188000000 189999999 0.463325056074766
hs2 190000000 191999999 0.442191784313726
hs2 192000000 193999999 0.471625294478528
hs2 194000000 195999999 0.480166680851064
hs2 196000000 197999999 0.447368771929824
hs2 198000000 199999999 0.479977426751592
hs2 200000000 201999999 0.464639662576687
hs2 202000000 203999999 0.412790068181818
hs2 204000000 205999999 0.477811248062015
hs2 206000000 207999999 0.466387677631579
hs2 208000000 209999999 0.450103805714286
hs2 210000000 211999999 0.47800150955414
hs2 212000000 213999999 0.469683927710843
hs2 214000000 215999999 0.452878730769231
hs2 216000000 217999999 0.45476783125
hs2 218000000 219999999 0.457657201298701
hs2 220000000 221999999 0.48915559375
hs2 222000000 223999999 0.462571017142857
hs2 224000000 225999999 0.445780657608695
hs2 226000000 227999999 0.463258505617977
hs2 228000000 229999999 0.453941614130435
hs2 230000000 231999999 0.442737764705883
hs2 232000000 233999999 0.428768741935484
hs2 234000000 235999999 0.443352484304933
hs2 236000000 237999999 0.43960409223301
hs2 238000000 239999999 0.446717869346733
hs2 240000000 241999999 0.461024676136363
hs2 242000000 243999999 0.424063979166667
