mm1 2000000 3999999 0.716298777777778
mm1 4000000 5999999 0.717288734177215
mm1 6000000 7999999 0.694933895104895
mm1 8000000 9999999 0.697724561538462
mm1 10000000 11999999 0.702100211382114
mm1 12000000 13999999 0.692703982608696
mm1 14000000 15999999 0.704914221238938
mm1 16000000 17999999 0.699351563909775
mm1 18000000 19999999 0.700864128571429
mm1 20000000 21999999 0.708601754237288
mm1 22000000 23999999 0.702084257731959
mm1 24000000 25999999 0.707075078431373
mm1 26000000 27999999 0.674494810126582
mm1 28000000 29999999 0.667283017964072
mm1 30000000 31999999 0.688418948529412
mm1 32000000 33999999 0.700273417266187
mm1 34000000 35999999 0.714679935185185
mm1 36000000 37999999 0.707604602272727
mm1 38000000 39999999 0.707950684782609
mm1 40000000 41999999 0.720953450450451
mm1 42000000 43999999 0.728556709677419
mm1 44000000 45999999 0.719153677419355
mm1 46000000 47999999 0.720210225165563
mm1 48000000 49999999 0.682274337278106
mm1 50000000 51999999 0.701086714285714
mm1 52000000 53999999 0.720122893805309
mm1 54000000 55999999 0.726506472868217
mm1 56000000 57999999 0.744014478723404
mm1 58000000 59999999 0.702941257731959
mm1 60000000 61999999 0.743203742268041
mm1 62000000 63999999 0.763240186813187
mm1 64000000 65999999 0.731932684684684
mm1 66000000 67999999 0.714080918918919
mm1 68000000 69999999 0.702946039215686
mm1 70000000 71999999 0.730214617021277
mm1 72000000 73999999 0.743802761363636
mm1 74000000 75999999 0.743559082352941
mm1 76000000 77999999 0.75817411627907
mm1 78000000 79999999 0.731768114035088
mm1 80000000 81999999 0.725286028846154
mm1 82000000 83999999 0.72810001980198
mm1 84000000 85999999 0.723174895522388
mm1 86000000 87999999 0.735949967741935
mm1 88000000 89999999 0.723557454545454
mm1 90000000 91999999 0.732131011363636
mm1 92000000 93999999 0.750058108433735
mm1 94000000 95999999 0.721330365591398
mm1 96000000 97999999 0.693506416107382
mm1 98000000 99999999 0.676120325925926
mm1 100000000 101999999 0.654026798657718
mm1 102000000 103999999 0.652142856287425
mm1 104000000 105999999 0.639030103896104
mm1 106000000 107999999 0.711758883333334
mm1 108000000 109999999 0.71480508
mm1 110000000 111999999 0.687485205882353
mm1 112000000 113999999 0.661702436090225
mm1 114000000 115999999 0.639084086330935
mm1 116000000 117999999 0.635721113207547
mm1 118000000 119999999 0.638324056338028
mm1 120000000 121999999 0.712840112359551
mm1 122000000 123999999 0.7341478
mm1 124000000 125999999 0.695169443609023
mm1 126000000 127999999 0.724704645833333
mm1 128000000 129999999 0.720090863636364
mm1 130000000 131999999 0.733361625
mm1 132000000 133999999 0.734093212121212
mm1 134000000 135999999 0.728024951219512
mm1 136000000 137999999 0.721710266666666
mm1 138000000 139999999 0.707253273684211
mm1 140000000 141999999 0.705347410714286
mm1 142000000 143999999 0.661226565714286
mm1 144000000 145999999 0.7050116875
mm1 146000000 147999999 0.694500050632911
mm1 148000000 149999999 0.673783252941177
mm1 150000000 151999999 0.684297427586207
mm1 152000000 153999999 0.714119924731183
mm1 154000000 155999999 0.690452755319149
mm1 156000000 157999999 0.734834340659341
mm1 158000000 159999999 0.715081325842697
mm1 160000000 161999999 0.764374228915663
mm1 162000000 163999999 0.725546811881188
mm1 164000000 165999999 0.730915193877551
mm1 166000000 167999999 0.720607841584158
mm1 168000000 169999999 0.72999802173913
mm1 170000000 171999999 0.748258820224719
mm1 172000000 173999999 0.712447237623762
mm1 174000000 175999999 0.723916313043479
mm1 176000000 177999999 0.732292434343435
mm1 178000000 179999999 0.722378380434783
mm1 180000000 181999999 0.720085784090909
mm1 182000000 183999999 0.702508916666666
mm1 184000000 185999999 0.725128291666667
mm1 186000000 187999999 0.716762464646465
mm1 188000000 189999999 0.730056857142857
mm1 190000000 191999999 0.724461619047619
mm1 192000000 193999999 0.715966769230769
mm1 194000000 195999999 0.755983646341463
mm1 196000000 197999999 0.77655956
mm2 2000000 3999999 0.696006462962963
mm2 4000000 5999999 0.69363189010989
mm2 6000000 7999999 0.737252705882353
mm2 8000000 9999999 0.708474973451327
mm2 10000000 11999999 0.681363388349515
mm2 12000000 13999999 0.722621519230769
mm2 14000000 15999999 0.715378307692308
mm2 16000000 17999999 0.706480158333334
mm2 18000000 19999999 0.710294401869159
mm2 20000000 21999999 0.715743266129032
mm2 22000000 23999999 0.72108370940171
mm2 24000000 25999999 0.716463040816327
mm2 26000000 27999999 0.726002902439024
mm2 28000000 29999999 0.711574641975309
mm2 30000000 31999999 0.690745565789474
mm2 32000000 33999999 0.725042066666667
mm2 34000000 35999999 0.724979253012048
mm2 36000000 37999999 0.725364267326732
mm2 38000000 39999999 0.722614514285714
mm2 40000000 41999999 0.695347928104575
mm2 42000000 43999999 0.71131841509434
mm2 44000000 45999999 0.739765209090909
mm2 46000000 47999999 0.698360425675676
mm2 48000000 49999999 0.740671551401869
mm2 50000000 51999999 0.729902181818182
mm2 52000000 53999999 0.720731109090909
mm2 54000000 55999999 0.685386185430463
mm2 56000000 57999999 0.71438334375
mm2 58000000 59999999 0.730596988888889
mm2 60000000 61999999 0.73421454945055
mm2 62000000 63999999 0.725250921568628
mm2 64000000 65999999 0.71771054
mm2 66000000 67999999 0.706821783783784
mm2 68000000 69999999 0.711457417582417
mm2 70000000 71999999 0.7283348
mm2 72000000 73999999 0.735057024691358
mm2 74000000 75999999 0.741638855421687
mm2 76000000 77999999 0.750776555555556
mm2 78000000 79999999 0.725256465909091
mm2 80000000 81999999 0.712013553030303
mm2 82000000 83999999 0.708657447761194
mm2 84000000 85999999 0.724636652173913
mm2 86000000 87999999 0.679623032051282
mm2 88000000 89999999 0.685328
mm2 90000000 91999999 0.717329352941177
mm2 92000000 93999999 0.748539294871795
mm2 94000000 95999999 0.717668
mm2 96000000 97999999 0.676520992907802
mm2 98000000 99999999 0.665461364583333
mm2 100000000 101999999 0.710603475409836
mm2 102000000 103999999 0.741837694117647
mm2 104000000 105999999 0.723123780952381
mm2 106000000 107999999 0.714577991304348
mm2 108000000 109999999 0.720752176
mm2 110000000 111999999 0.706415705882353
mm2 112000000 113999999 0.731455744680851
mm2 114000000 115999999 0.747005885057471
mm2 116000000 117999999 0.734093076923077
mm2 118000000 119999999 0.709538690476191
mm2 120000000 121999999 0.699281825581395
mm2 122000000 123999999 0.736083259615385
mm2 124000000 125999999 0.754595955555555
mm2 126000000 127999999 0.717905801980198
mm2 128000000 129999999 0.730544304347826
mm2 130000000 131999999 0.723071924731183
mm2 132000000 133999999 0.724224219047619
mm2 134000000 135999999 0.733455208333333
mm2 136000000 137999999 0.742031947916666
mm2 138000000 139999999 0.739314059322034
mm2 140000000 141999999 0.740729536842105
mm2 142000000 143999999 0.744196193877551
mm2 144000000 145999999 0.742115465346534
mm2 146000000 147999999 0.748248719101124
mm2 148000000 149999999 0.704501354838709
mm2 150000000 151999999 0.680719051724138
mm2 152000000 153999999 0.702257637362637
mm2 154000000 155999999 0.695331585365854
mm2 156000000 157999999 0.716439234567901
mm2 158000000 159999999 0.738311465909091
mm2 160000000 161999999 0.745524542168675
mm2 162000000 163999999 0.735921325
mm2 164000000 165999999 0.72423621686747
mm2 166000000 167999999 0.699286141304348
mm2 168000000 169999999 0.709149082191781
mm2 170000000 171999999 0.707080810126582
mm2 172000000 173999999 0.712154393617021
mm2 174000000 175999999 0.716356566666667
mm2 176000000 177999999 0.618892
mm2 178000000 179999999 0.736149214285714
mm2 180000000 181999999 0.741783112676056
hs1 0 1999999 0.4366872
hs1 2000000 3999999 0.436246011976048
hs1 4000000 5999999 0.458342736434108
hs1 6000000 7999999 0.427197595959596
hs1 8000000 9999999 0.395848183035714
hs1 10000000 11999999 0.417227688888889
hs1 12000000 13999999 0.450092103658536
hs1 14000000 15999999 0.434586061946903
hs1 16000000 17999999 0.413700298013245
hs1 18000000 19999999 0.442525053398058
hs1 20000000 21999999 0.414801414364641
hs1 22000000 23999999 0.429322172619048
hs1 24000000 25999999 0.413747613756614
hs1 26000000 27999999 0.4160756
hs1 28000000 29999999 0.426473983240223
hs1 30000000 31999999 0.438190512021858
hs1 32000000 33999999 0.431956553191489
hs1 34000000 35999999 0.452706621621622
hs1 36000000 37999999 0.450974966666667
hs1 38000000 39999999 0.451986825842696
hs1 40000000 41999999 0.442022657894737
hs1 42000000 43999999 0.447063774834437
hs1 44000000 45999999 0.447878201190476
hs1 46000000 47999999 0.447030234899329
hs1 48000000 49999999 0.48864887012987
hs1 50000000 51999999 0.455465348684211
hs1 52000000 53999999 0.429926511111111
hs1 54000000 55999999 0.444455308139535
hs1 56000000 57999999 0.473162255639098
hs1 58000000 59999999 0.471074567375887
hs1 60000000 61999999 0.466185105882353
hs1 62000000 63999999 0.441455539772727
hs1 64000000 65999999 0.435389888198758
hs1 66000000 67999999 0.448984227848101
hs1 68000000 69999999 0.471913551724138
hs1 70000000 71999999 0.451046835978836
hs1 72000000 73999999 0.455093930107527
hs1 74000000 75999999 0.452384940828402
hs1 76000000 77999999 0.451695138888889
hs1 78000000 79999999 0.465528373684211
hs1 80000000 81999999 0.474476977011494
hs1 82000000 83999999 0.48432007518797
hs1 84000000 85999999 0.439917394285714
hs1 86000000 87999999 0.467120428571428
hs1 88000000 89999999 0.480805682835821
hs1 90000000 91999999 0.465745261146497
hs1 92000000 93999999 0.427939405405405
hs1 94000000 95999999 0.45996396875
hs1 96000000 97999999 0.490016272189349
hs1 98000000 99999999 0.470293412121213
hs1 100000000 101999999 0.456581794871795
hs1 102000000 103999999 0.486793817142857
hs1 104000000 105999999 0.4932482
hs1 106000000 107999999 0.499140402234637
hs1 108000000 109999999 0.434571778443114
hs1 110000000 111999999 0.464860669911504
hs1 112000000 113999999 0.458754662337662
hs1 114000000 115999999 0.45688504516129
hs1 116000000 117999999 0.45063431097561
hs1 118000000 119999999 0.4742356375
hs1 120000000 121999999 0.447713172727273
hs1 140000000 141999999 0.479325818181818
hs1 142000000 143999999 0.482810795180723
hs1 144000000 145999999 0.441147070866142
hs1 146000000 147999999 0.476034327868852
hs1 148000000 149999999 0.417141942528735
hs1 150000000 151999999 0.467773236842105
hs1 152000000 153999999 0.440688838709677
hs1 154000000 155999999 0.457884152317881
hs1 156000000 157999999 0.472170371428571
hs1 158000000 159999999 0.452257202702703
hs1 160000000 161999999 0.48438381875
hs1 162000000 163999999 0.478680255172414
hs1 164000000 165999999 0.451219204968944
hs1 166000000 167999999 0.459548707317073
hs1 168000000 169999999 0.464643670520231
hs1 170000000 171999999 0.469352910344828
hs1 172000000 173999999 0.466666773006135
hs1 174000000 175999999 0.500230411290322
hs1 176000000 177999999 0.435388315789474
hs1 178000000 179999999 0.453292875609756
hs1 180000000 181999999 0.433199014492754
hs1 182000000 183999999 0.457969443113772
hs1 184000000 185999999 0.47729197752809
hs1 186000000 187999999 0.473054934065934
hs1 188000000 189999999 0.462386275
hs1 190000000 191999999 0.4483734
hs1 192000000 193999999 0.47313739010989
hs1 194000000 195999999 0.467260813829787
hs1 196000000 197999999 0.46983520886076
hs1 198000000 199999999 0.438062210843373
hs1 200000000 201999999 0.430791118382353
hs1 202000000 203999999 0.414343801526718
hs1 204000000 205999999 0.473686720496895
hs1 206000000 207999999 0.475315846715329
hs1 208000000 209999999 0.435209648275862
hs1 210000000 211999999 0.436058951515152
hs1 212000000 213999999 0.452563020512821
hs1 214000000 215999999 0.472183954545454
hs1 216000000 217999999 0.475809940217392
hs1 218000000 219999999 0.452286468421053
hs1 220000000 221999999 0.446909658959537
hs1 222000000 223999999 0.418959236024845
hs1 224000000 225999999 0.428280238372093
hs1 226000000 227999999 0.459571463414634
hs1 228000000 229999999 0.420669867816092
hs1 230000000 231999999 0.466235934579439
hs1 232000000 233999999 0.426972340277778
hs1 234000000 235999999 0.42799
hs1 236000000 237999999 0.446082182741117
hs1 238000000 239999999 0.441521097142857
hs1 240000000 241999999 0.448679852941177
hs1 242000000 243999999 0.422940740506329
hs1 244000000 245999999 0.434450208
hs1 246000000 247999999 0.460667117647059
hs2 0 1999999 0.471250392670157
hs2 2000000 3999999 0.43575598019802
hs2 4000000 5999999 0.461597898936171
hs2 6000000 7999999 0.461329904522613
hs2 8000000 9999999 0.430166442786069
hs2 10000000 11999999 0.427673249765258
hs2 12000000 13999999 0.46270295215311
hs2 14000000 15999999 0.453317079545454
hs2 16000000 17999999 0.469234754285714
hs2 18000000 19999999 0.48763492
hs2 20000000 21999999 0.472582043125
hs2 22000000 23999999 0.489642540145985
hs2 24000000 25999999 0.421806302325582
hs2 26000000 27999999 0.429612215189873
hs2 28000000 29999999 0.450718471428572
hs2 30000000 31999999 0.460965984732825
hs2 32000000 33999999 0.436414850485437
hs2 34000000 35999999 0.455340701086957
hs2 36000000 37999999 0.451169542168675
hs2 38000000 39999999 0.43171458817734
hs2 40000000 41999999 0.471553546583851
hs2 42000000 43999999 0.422432945355191
hs2 44000000 45999999 0.464264425925926
hs2 46000000 47999999 0.427050071038251
hs2 48000000 49999999 0.467277785310734
hs2 50000000 51999999 0.456787330578512
hs2 52000000 53999999 0.431166714285714
hs2 54000000 55999999 0.441093984693877
hs2 56000000 57999999 0.469099422818792
hs2 58000000 59999999 0.505360022556391
hs2 60000000 61999999 0.42386724556213
hs2 62000000 63999999 0.460671804733728
hs2 64000000 65999999 0.428434690607735
hs2 66000000 67999999 0.499207553333334
hs2 68000000 69999999 0.437589966101695
hs2 70000000 71999999 0.439503085227273
hs2 72000000 73999999 0.456540385714286
hs2 74000000 75999999 0.458763800947867
hs2 76000000 77999999 0.457476473933649
hs2 78000000 79999999 0.467533306878307
hs2 80000000 81999999 0.472247231213873
hs2 82000000 83999999 0.462336739795918
hs2 84000000 85999999 0.436119626436782
hs2 86000000 87999999 0.461576784810126
hs2 88000000 89999999 0.444800914634146
hs2 90000000 91999999 0.4414043
hs2 94000000 95999999 0.4789716875
hs2 96000000 97999999 0.434126327731093
hs2 98000000 99999999 0.432118954022988
hs2 100000000 101999999 0.419884836956522
hs2 102000000 103999999 0.454111030864197
hs2 104000000 105999999 0.464583604651163
hs2 106000000 107999999 0.43537361627907
hs2 108000000 109999999 0.448155311111111
hs2 110000000 111999999 0.466652696721311
hs2 112000000 113999999 0.433419
hs2 114000000 115999999 0.449183617511521
hs2 116000000 117999999 0.462267199004975
hs2 118000000 119999999 0.463746060913706
hs2 120000000 121999999 0.446621244239631
hs2 122000000 123999999 0.427091244444445
hs2 124000000 125999999 0.443415339449541
hs2 126000000 127999999 0.397157868421053
hs2 128000000 129999999 0.430425063829787
hs2 130000000 131999999 0.431591701754386
hs2 132000000 133999999 0.458688740157481
hs2 134000000 135999999 0.452322941463415
hs2 136000000 137999999 0.458204851282051
hs2 138000000 139999999 0.463999028169014
hs2 140000000 141999999 0.452766230392157
hs2 142000000 143999999 0.452920109756098
hs2 144000000 145999999 0.504769255639098
hs2 146000000 147999999 0.487185994565217
hs2 148000000 149999999 0.459161653543307
hs2 150000000 151999999 0.463594718562874
hs2 152000000 153999999 0.449981529032258
hs2 154000000 155999999 0.47293125433526
hs2 156000000 157999999 0.505790291666667
hs2 158000000 159999999 0.443008867549669
hs2 160000000 161999999 0.450713367647059
hs2 162000000 163999999 0.487127
hs2 164000000 165999999 0.488195315151515
hs2 166000000 167999999 0.468311251572327
hs2 168000000 169999999 0.447582688311689
hs2 170000000 171999999 0.441201121212121
hs2 172000000 173999999 0.440396503355705
hs2 174000000 175999999 0.474906092485549
hs2 176000000 177999999 0.499675834355828
hs2 178000000 179999999 0.470133481481482
hs2 180000000 181999999 0.485365035928144
hs2 182000000 183999999 0.467882035532995
hs2 184000000 185999999 0.475591723958333
hs2 186000000 187999999 0.477117048484848
hs2 188000000 189999999 0.48321928
hs2 190000000 191999999 0.432655518292683
hs2 192000000 193999999 0.47362819205298
hs2 194000000 195999999 0.478809640625
hs2 196000000 197999999 0.459550166666667
hs2 198000000 199999999 0.466033722222222
hs2 200000000 201999999 0.43986677037037
hs2 202000000 203999999 0.414258362162162
hs2 204000000 205999999 0.467636508064516
hs2 206000000 207999999 0.452076566666667
hs2 208000000 209999999 0.458437126666667
hs2 210000000 211999999 0.476315970588235
hs2 212000000 213999999 0.46951556875
hs2 214000000 215999999 0.450652958333333
hs2 216000000 217999999 0.455052927710844
hs2 218000000 219999999 0.472400284768212
hs2 220000000 221999999 0.482869236641221
hs2 222000000 223999999 0.454673216374269
hs2 224000000 225999999 0.440706685082873
hs2 226000000 227999999 0.455730194285714
hs2 228000000 229999999 0.450938796791444
hs2 230000000 231999999 0.427984219653179
hs2 232000000 233999999 0.427168368131868
hs2 234000000 235999999 0.431413811659193
hs2 236000000 237999999 0.439980237623762
hs2 238000000 239999999 0.442138242857143
hs2 240000000 241999999 0.463813590909091
hs2 242000000 243999999 0.414169404255319
