mm1 2000000 3999999 0.646227
mm1 4000000 5999999 0.805484
mm1 6000000 7999999 0.797143
mm1 8000000 9999999 0.628896
mm1 10000000 11999999 0.726706
mm1 12000000 13999999 0.68447
mm1 14000000 15999999 0.649658
mm1 16000000 17999999 0.737041
mm1 18000000 19999999 0.69768
mm1 20000000 21999999 0.720412
mm1 22000000 23999999 0.679849
mm1 24000000 25999999 0.683768
mm1 26000000 27999999 0.693462
mm1 28000000 29999999 0.776375
mm1 30000000 31999999 0.70665
mm1 32000000 33999999 0.709567
mm1 34000000 35999999 0.752105
mm1 36000000 37999999 0.752445
mm1 38000000 39999999 0.784875
mm1 40000000 41999999 0.703297
mm1 42000000 43999999 0.778922
mm1 44000000 45999999 0.740511
mm1 46000000 47999999 0.679015
mm1 48000000 49999999 0.671607
mm1 50000000 51999999 0.712768
mm1 52000000 53999999 0.66094
mm1 54000000 55999999 0.799854
mm1 56000000 57999999 0.659344
mm1 58000000 59999999 0.844826
mm1 60000000 61999999 0.679281
mm1 62000000 63999999 0.701
mm1 64000000 65999999 0.742497
mm1 66000000 67999999 0.66288
mm1 68000000 69999999 0.656879
mm1 70000000 71999999 0.668392
mm1 72000000 73999999 0.905962
mm1 74000000 75999999 0.73384
mm1 76000000 77999999 0.757905
mm1 78000000 79999999 0.658
mm1 80000000 81999999 0.774324
mm1 82000000 83999999 0.657099
mm1 84000000 85999999 0.769844
mm1 86000000 87999999 0.638207
mm1 88000000 89999999 0.685051
mm1 90000000 91999999 0.661965
mm1 92000000 93999999 0.665806
mm1 94000000 95999999 0.781863
mm1 96000000 97999999 0.695148
mm1 98000000 99999999 0.644095
mm1 100000000 101999999 0.732396
mm1 102000000 103999999 0.69788
mm1 104000000 105999999 0.758659
mm1 106000000 107999999 0.729668
mm1 108000000 109999999 0.777797
mm1 110000000 111999999 0.672
mm1 112000000 113999999 0.785135
mm1 114000000 115999999 0.724792
mm1 116000000 117999999 0.78254
mm1 118000000 119999999 0.762283
mm1 120000000 121999999 0.726159
mm1 122000000 123999999 0.726981
mm1 124000000 125999999 0.721827
mm1 126000000 127999999 0.714368
mm1 128000000 129999999 0.766672
mm1 130000000 131999999 0.779324
mm1 132000000 133999999 0.681508
mm1 134000000 135999999 0.762589
mm1 136000000 137999999 0.723966
mm1 138000000 139999999 0.740568
mm1 140000000 141999999 0.710556
mm1 142000000 143999999 0.712222
mm1 144000000 145999999 0.698431
mm1 146000000 147999999 0.689045
mm1 148000000 149999999 0.768542
mm1 150000000 151999999 0.713435
mm1 152000000 153999999 0.719337
mm1 154000000 155999999 0.708623
mm1 156000000 157999999 0.681341
mm1 158000000 159999999 0.732576
mm1 160000000 161999999 0.645663
mm1 162000000 163999999 0.742895
mm1 164000000 165999999 0.678517
mm1 166000000 167999999 0.717903
mm1 168000000 169999999 0.694135
mm1 170000000 171999999 0.667183
mm1 172000000 173999999 0.737395
mm1 174000000 175999999 0.697061
mm1 176000000 177999999 0.73107
mm1 178000000 179999999 0.714085
mm1 180000000 181999999 0.775909
mm1 182000000 183999999 0.76186
mm1 184000000 185999999 0.753537
mm1 186000000 187999999 0.684704
mm1 188000000 189999999 0.62548
mm1 190000000 191999999 0.757118
mm1 192000000 193999999 0.683172
mm1 194000000 195999999 0.718576
mm1 196000000 197999999 0.631628
mm2 2000000 3999999 0.693651
mm2 4000000 5999999 0.730068
mm2 6000000 7999999 0.696667
mm2 8000000 9999999 0.679211
mm2 10000000 11999999 0.695989
mm2 12000000 13999999 0.753458
mm2 14000000 15999999 0.681266
mm2 16000000 17999999 0.762281
mm2 18000000 19999999 0.716875
mm2 20000000 21999999 0.670131
mm2 22000000 23999999 0.810436
mm2 24000000 25999999 0.683585
mm2 26000000 27999999 0.751753
mm2 28000000 29999999 0.826542
mm2 30000000 31999999 0.801951
mm2 32000000 33999999 0.7011
mm2 34000000 35999999 0.8295
mm2 36000000 37999999 0.74674
mm2 38000000 39999999 0.726915
mm2 40000000 41999999 0.7007
mm2 42000000 43999999 0.7122
mm2 44000000 45999999 0.701663
mm2 46000000 47999999 0.707463
mm2 48000000 49999999 0.717586
mm2 50000000 51999999 0.674573
mm2 52000000 53999999 0.696186
mm2 54000000 55999999 0.77378
mm2 56000000 57999999 0.720558
mm2 58000000 59999999 0.651752
mm2 60000000 61999999 0.670481
mm2 62000000 63999999 0.654551
mm2 64000000 65999999 0.702917
mm2 66000000 67999999 0.702267
mm2 68000000 69999999 0.681238
mm2 70000000 71999999 0.762542
mm2 72000000 73999999 0.717087
mm2 74000000 75999999 0.716751
mm2 76000000 77999999 0.815294
mm2 78000000 79999999 0.643784
mm2 80000000 81999999 0.714892
mm2 82000000 83999999 0.714724
mm2 84000000 85999999 0.725102
mm2 86000000 87999999 0.790445
mm2 88000000 89999999 0.804848
mm2 90000000 91999999 0.76956
mm2 92000000 93999999 0.774756
mm2 94000000 95999999 0.705264
mm2 96000000 97999999 0.7438
mm2 98000000 99999999 0.770714
mm2 100000000 101999999 0.696706
mm2 102000000 103999999 0.70283
mm2 104000000 105999999 0.69603
mm2 106000000 107999999 0.675622
mm2 108000000 109999999 0.763684
mm2 110000000 111999999 0.727164
mm2 112000000 113999999 0.634744
mm2 114000000 115999999 0.786522
mm2 116000000 117999999 0.698487
mm2 118000000 119999999 0.716856
mm2 120000000 121999999 0.729942
mm2 122000000 123999999 0.769816
mm2 124000000 125999999 0.672688
mm2 126000000 127999999 0.751083
mm2 128000000 129999999 0.690265
mm2 130000000 131999999 0.727975
mm2 132000000 133999999 0.684127
mm2 134000000 135999999 0.6334
mm2 136000000 137999999 0.650216
mm2 138000000 139999999 0.698004
mm2 140000000 141999999 0.705529
mm2 142000000 143999999 0.678571
mm2 144000000 145999999 0.725833
mm2 146000000 147999999 0.639992
mm2 148000000 149999999 0.641428
mm2 150000000 151999999 0.74439
mm2 152000000 153999999 0.875978
mm2 154000000 155999999 0.769779
mm2 156000000 157999999 0.797222
mm2 158000000 159999999 0.696249
mm2 160000000 161999999 0.664331
mm2 162000000 163999999 0.735718
mm2 164000000 165999999 0.708862
mm2 166000000 167999999 0.725465
mm2 168000000 169999999 0.735855
mm2 170000000 171999999 0.674205
mm2 172000000 173999999 0.706369
mm2 174000000 175999999 0.649464
mm2 176000000 177999999 0.555745
mm2 178000000 179999999 0.714049
mm2 180000000 181999999 0.737047
hs1 0 1999999 0.838437
hs1 2000000 3999999 0.766543
hs1 4000000 5999999 0.682008
hs1 6000000 7999999 0.688468
hs1 8000000 9999999 0.731044
hs1 10000000 11999999 0.761794
hs1 12000000 13999999 0.677753
hs1 14000000 15999999 0.703485
hs1 16000000 17999999 0.714724
hs1 18000000 19999999 0.748968
hs1 20000000 21999999 0.877845
hs1 22000000 23999999 0.777903
hs1 24000000 25999999 0.695341
hs1 26000000 27999999 0.702273
hs1 28000000 29999999 0.655506
hs1 30000000 31999999 0.721266
hs1 32000000 33999999 0.799048
hs1 34000000 35999999 0.71146
hs1 36000000 37999999 0.860094
hs1 38000000 39999999 0.730682
hs1 40000000 41999999 0.734472
hs1 42000000 43999999 0.782544
hs1 44000000 45999999 0.722808
hs1 46000000 47999999 0.721524
hs1 48000000 49999999 0.702451
hs1 50000000 51999999 0.711198
hs1 52000000 53999999 0.735526
hs1 54000000 55999999 0.720259
hs1 56000000 57999999 0.803387
hs1 58000000 59999999 0.653437
hs1 60000000 61999999 0.707501
hs1 62000000 63999999 0.765271
hs1 64000000 65999999 0.699329
hs1 66000000 67999999 0.723437
hs1 68000000 69999999 0.697683
hs1 70000000 71999999 0.81412
hs1 72000000 73999999 0.729287
hs1 74000000 75999999 0.72601
hs1 76000000 77999999 0.688219
hs1 78000000 79999999 0.691734
hs1 80000000 81999999 0.683198
hs1 82000000 83999999 0.726124
hs1 84000000 85999999 0.661558
hs1 86000000 87999999 0.803333
hs1 88000000 89999999 0.741367
hs1 90000000 91999999 0.71574
hs1 92000000 93999999 0.728154
hs1 94000000 95999999 0.65952
hs1 96000000 97999999 0.713817
hs1 98000000 99999999 0.734706
hs1 100000000 101999999 0.691182
hs1 102000000 103999999 0.837612
hs1 104000000 105999999 0.699677
hs1 106000000 107999999 0.700773
hs1 108000000 109999999 0.687661
hs1 110000000 111999999 0.675449
hs1 112000000 113999999 0.823247
hs1 114000000 115999999 0.788437
hs1 116000000 117999999 0.654104
hs1 118000000 119999999 0.690203
hs1 120000000 121999999 0.680908
hs1 140000000 141999999 0.600667
hs1 142000000 143999999 0.682446
hs1 144000000 145999999 0.718796
hs1 146000000 147999999 0.648528
hs1 148000000 149999999 0.790443
hs1 150000000 151999999 0.65495
hs1 152000000 153999999 0.823747
hs1 154000000 155999999 0.754696
hs1 156000000 157999999 0.689694
hs1 158000000 159999999 0.756125
hs1 160000000 161999999 0.748033
hs1 162000000 163999999 0.709771
hs1 164000000 165999999 0.725726
hs1 166000000 167999999 0.73125
hs1 168000000 169999999 0.765641
hs1 170000000 171999999 0.675857
hs1 172000000 173999999 0.751
hs1 174000000 175999999 0.719825
hs1 176000000 177999999 0.666611
hs1 178000000 179999999 0.753444
hs1 180000000 181999999 0.804977
hs1 182000000 183999999 0.721509
hs1 184000000 185999999 0.697096
hs1 186000000 187999999 0.700042
hs1 188000000 189999999 0.675447
hs1 190000000 191999999 0.654939
hs1 192000000 193999999 0.71
hs1 194000000 195999999 0.751581
hs1 196000000 197999999 0.634327
hs1 198000000 199999999 0.73125
hs1 200000000 201999999 0.742403
hs1 202000000 203999999 0.682719
hs1 204000000 205999999 0.717199
hs1 206000000 207999999 0.687633
hs1 208000000 209999999 0.703361
hs1 210000000 211999999 0.742787
hs1 212000000 213999999 0.719124
hs1 214000000 215999999 0.737536
hs1 216000000 217999999 0.666954
hs1 218000000 219999999 0.701228
hs1 220000000 221999999 0.660127
hs1 222000000 223999999 0.705733
hs1 224000000 225999999 0.766522
hs1 226000000 227999999 0.762377
hs1 228000000 229999999 0.751453
hs1 230000000 231999999 0.770922
hs1 232000000 233999999 0.736837
hs1 234000000 235999999 0.673149
hs1 236000000 237999999 0.691906
hs1 238000000 239999999 0.65564
hs1 240000000 241999999 0.688683
hs1 242000000 243999999 0.68544
hs1 244000000 245999999 0.763949
hs1 246000000 247999999 0.715208
hs2 0 1999999 0.766241
hs2 2000000 3999999 0.670799
hs2 4000000 5999999 0.690112
hs2 6000000 7999999 0.716785
hs2 8000000 9999999 0.760225
hs2 10000000 11999999 0.683333
hs2 12000000 13999999 0.664493
hs2 14000000 15999999 0.699881
hs2 16000000 17999999 0.66349
hs2 18000000 19999999 0.795776
hs2 20000000 21999999 0.789472
hs2 22000000 23999999 0.714897
hs2 24000000 25999999 0.721968
hs2 26000000 27999999 0.797484
hs2 28000000 29999999 0.704341
hs2 30000000 31999999 0.726909
hs2 32000000 33999999 0.7258
hs2 34000000 35999999 0.652265
hs2 36000000 37999999 0.685095
hs2 38000000 39999999 0.684972
hs2 40000000 41999999 0.637944
hs2 42000000 43999999 0.955
hs2 44000000 45999999 0.730679
hs2 46000000 47999999 0.834669
hs2 48000000 49999999 0.766216
hs2 50000000 51999999 0.729861
hs2 52000000 53999999 0.668659
hs2 54000000 55999999 0.85381
hs2 56000000 57999999 0.657796
hs2 58000000 59999999 0.722908
hs2 60000000 61999999 0.717297
hs2 62000000 63999999 0.724155
hs2 64000000 65999999 0.9525
hs2 66000000 67999999 0.738605
hs2 68000000 69999999 0.741759
hs2 70000000 71999999 0.730429
hs2 72000000 73999999 0.735686
hs2 74000000 75999999 0.735732
hs2 76000000 77999999 0.66107
hs2 78000000 79999999 0.671809
hs2 80000000 81999999 0.698512
hs2 82000000 83999999 0.675698
hs2 84000000 85999999 0.827292
hs2 86000000 87999999 0.720127
hs2 88000000 89999999 0.760249
hs2 90000000 91999999 0.716015
hs2 94000000 95999999 0.66381
hs2 96000000 97999999 0.7675
hs2 98000000 99999999 0.722879
hs2 100000000 101999999 0.742981
hs2 102000000 103999999 0.71602
hs2 104000000 105999999 0.687511
hs2 106000000 107999999 0.683261
hs2 108000000 109999999 0.663989
hs2 110000000 111999999 0.671886
hs2 112000000 113999999 0.741211
hs2 114000000 115999999 0.693457
hs2 116000000 117999999 0.767637
hs2 118000000 119999999 0.805506
hs2 120000000 121999999 0.829054
hs2 122000000 123999999 0.681828
hs2 124000000 125999999 0.674293
hs2 126000000 127999999 0.646438
hs2 128000000 129999999 0.766004
hs2 130000000 131999999 0.693779
hs2 132000000 133999999 0.666302
hs2 134000000 135999999 0.754162
hs2 136000000 137999999 0.790923
hs2 138000000 139999999 0.603937
hs2 140000000 141999999 0.673519
hs2 142000000 143999999 0.68835
hs2 144000000 145999999 0.775408
hs2 146000000 147999999 0.66571
hs2 148000000 149999999 0.665615
hs2 150000000 151999999 0.659733
hs2 152000000 153999999 0.716714
hs2 154000000 155999999 0.77378
hs2 156000000 157999999 0.696794
hs2 158000000 159999999 0.664952
hs2 160000000 161999999 0.890893
hs2 162000000 163999999 0.857317
hs2 164000000 165999999 0.688636
hs2 166000000 167999999 0.708624
hs2 168000000 169999999 0.666932
hs2 170000000 171999999 0.715612
hs2 172000000 173999999 0.715289
hs2 174000000 175999999 0.759101
hs2 176000000 177999999 0.75343
hs2 178000000 179999999 0.821704
hs2 180000000 181999999 0.645839
hs2 182000000 183999999 0.671043
hs2 184000000 185999999 0.668988
hs2 186000000 187999999 0.724749
hs2 188000000 189999999 0.675923
hs2 190000000 191999999 0.707635
hs2 192000000 193999999 0.676172
hs2 194000000 195999999 0.702947
hs2 196000000 197999999 0.744809
hs2 198000000 199999999 0.745853
hs2 200000000 201999999 0.729084
hs2 202000000 203999999 0.73158
hs2 204000000 205999999 0.730224
hs2 206000000 207999999 0.752273
hs2 208000000 209999999 0.704733
hs2 210000000 211999999 0.729946
hs2 212000000 213999999 0.694186
hs2 214000000 215999999 0.675333
hs2 216000000 217999999 0.685431
hs2 218000000 219999999 0.67759
hs2 220000000 221999999 0.746742
hs2 222000000 223999999 0.693298
hs2 224000000 225999999 0.872714
hs2 226000000 227999999 0.708147
hs2 228000000 229999999 0.698307
hs2 230000000 231999999 0.798446
hs2 232000000 233999999 0.678342
hs2 234000000 235999999 0.685303
hs2 236000000 237999999 0.666339
hs2 238000000 239999999 0.7093
hs2 240000000 241999999 0.779459
hs2 242000000 243999999 0.703735
