mm1 2000000 3999999 0.566150461538462
mm1 4000000 5999999 0.48623275
mm1 6000000 7999999 0.509290492537313
mm1 8000000 9999999 0.443481042857143
mm1 10000000 11999999 0.457954011764706
mm1 12000000 13999999 0.49369575
mm1 14000000 15999999 0.444188936507936
mm1 16000000 17999999 0.421155830985916
mm1 18000000 19999999 0.521616016949153
mm1 20000000 21999999 0.483553
mm1 22000000 23999999 0.426150659259259
mm1 24000000 25999999 0.455389065882353
mm1 26000000 27999999 0.503510933333333
mm1 28000000 29999999 0.431345125
mm1 30000000 31999999 0.499353583333333
mm1 32000000 33999999 0.427343839130435
mm1 34000000 35999999 0.435035596103896
mm1 36000000 37999999 0.395815347457627
mm1 38000000 39999999 0.456848083333334
mm1 40000000 41999999 0.470132412121212
mm1 42000000 43999999 0.502538941176471
mm1 44000000 45999999 0.384357706382979
mm1 46000000 47999999 0.446027640350877
mm1 48000000 49999999 0.481583941176471
mm1 50000000 51999999 0.444315066666667
mm1 52000000 53999999 0.423439181818182
mm1 54000000 55999999 0.448372328
mm1 56000000 57999999 0.4605186
mm1 58000000 59999999 0.396868700591716
mm1 60000000 61999999 0.411927694285714
mm1 62000000 63999999 0.431477445945946
mm1 64000000 65999999 0.44599212
mm1 66000000 67999999 0.431741644660194
mm1 68000000 69999999 0.40941575862069
mm1 70000000 71999999 0.37613694117647
mm1 72000000 73999999 0.434759409090909
mm1 74000000 75999999 0.34895712195122
mm1 76000000 77999999 0.455252551724138
mm1 78000000 79999999 0.430746798461538
mm1 80000000 81999999 0.42622942
mm1 82000000 83999999 0.420093474137931
mm1 84000000 85999999 0.4831131
mm1 86000000 87999999 0.38767235
mm1 88000000 89999999 0.419943220300752
mm1 90000000 91999999 0.5168685
mm1 92000000 93999999 0.400898609009009
mm1 94000000 95999999 0.399369095394737
mm1 96000000 97999999 0.507418263157895
mm1 98000000 99999999 0.453551837209302
mm1 100000000 101999999 0.533295783783784
mm1 102000000 103999999 0.509056534482759
mm1 104000000 105999999 0.535990464285714
mm1 106000000 107999999 0.468790095890411
mm1 108000000 109999999 0.401653792105263
mm1 110000000 111999999 0.418231627906977
mm1 112000000 113999999 0.431804688888889
mm1 114000000 115999999 0.60238544
mm1 116000000 117999999 0.53115375
mm1 118000000 119999999 0.47999248
mm1 120000000 121999999 0.460680495726496
mm1 122000000 123999999 0.492796955555555
mm1 124000000 125999999 0.495452441176471
mm1 126000000 127999999 0.461767774193548
mm1 128000000 129999999 0.50443514875
mm1 130000000 131999999 0.44305425
mm1 132000000 133999999 0.415157282954545
mm1 134000000 135999999 0.363485201052632
mm1 136000000 137999999 0.374052114788732
mm1 138000000 139999999 0.410659382022472
mm1 140000000 141999999 0.443417733333333
mm1 142000000 143999999 0.443270721311476
mm1 144000000 145999999 0.459165970689655
mm1 146000000 147999999 0.397842257142857
mm1 148000000 149999999 0.47581146
mm1 150000000 151999999 0.447170864864865
mm1 152000000 153999999 0.361485199099099
mm1 154000000 155999999 0.404295095402299
mm1 156000000 157999999 0.434267333333333
mm1 158000000 159999999 0.465790853658537
mm1 160000000 161999999 0.454670364864865
mm1 162000000 163999999 0.431747754545455
mm1 164000000 165999999 0.411941945132743
mm1 166000000 167999999 0.433881826415094
mm1 168000000 169999999 0.453772424242424
mm1 170000000 171999999 0.44868146031746
mm1 172000000 173999999 0.465570295061729
mm1 174000000 175999999 0.391804042553191
mm1 176000000 177999999 0.394281347826087
mm1 178000000 179999999 0.474080434666667
mm1 180000000 181999999 0.451214090769231
mm1 182000000 183999999 0.423841911564626
mm1 184000000 185999999 0.459543832142857
mm1 186000000 187999999 0.416163976744186
mm1 188000000 189999999 0.509103452991453
mm1 190000000 191999999 0.442806911764706
mm1 192000000 193999999 0.46153285840708
mm1 194000000 195999999 0.455222404918033
mm1 196000000 197999999 0.494964285714286
mm2 2000000 3999999 0.445663153846154
mm2 4000000 5999999 0.481168931578947
mm2 6000000 7999999 0.503932131578947
mm2 8000000 9999999 0.444304260869565
mm2 10000000 11999999 0.447082585263158
mm2 12000000 13999999 0.419251008510638
mm2 14000000 15999999 0.435201902777778
mm2 16000000 17999999 0.432426205128205
mm2 18000000 19999999 0.461141154945055
mm2 20000000 21999999 0.484881696428571
mm2 22000000 23999999 0.455587705405405
mm2 24000000 25999999 0.390339441447368
mm2 26000000 27999999 0.38922375035461
mm2 28000000 29999999 0.382718523809524
mm2 30000000 31999999 0.394346738547486
mm2 32000000 33999999 0.418131606134969
mm2 34000000 35999999 0.457738225
mm2 36000000 37999999 0.432582727272727
mm2 38000000 39999999 0.449643682022472
mm2 40000000 41999999 0.406914795918367
mm2 42000000 43999999 0.493142751515151
mm2 44000000 45999999 0.4665930296875
mm2 46000000 47999999 0.4627522
mm2 48000000 49999999 0.394565477192983
mm2 50000000 51999999 0.427050268292683
mm2 52000000 53999999 0.385189760416667
mm2 54000000 55999999 0.488043166666667
mm2 56000000 57999999 0.460943485294118
mm2 58000000 59999999 0.446383718292683
mm2 60000000 61999999 0.448249375
mm2 62000000 63999999 0.398603582758621
mm2 64000000 65999999 0.439983755813953
mm2 66000000 67999999 0.424134325842697
mm2 68000000 69999999 0.439854108208955
mm2 70000000 71999999 0.430346265573771
mm2 72000000 73999999 0.46914036
mm2 74000000 75999999 0.467645741176471
mm2 76000000 77999999 0.445735774545454
mm2 78000000 79999999 0.443480740740741
mm2 80000000 81999999 0.434567583333333
mm2 82000000 83999999 0.423821678
mm2 84000000 85999999 0.380015902985075
mm2 86000000 87999999 0.393008240223464
mm2 88000000 89999999 0.372429967948718
mm2 90000000 91999999 0.36858724
mm2 92000000 93999999 0.454675201190476
mm2 94000000 95999999 0.4305909375
mm2 96000000 97999999 0.519906826086956
mm2 98000000 99999999 0.464765157894737
mm2 100000000 101999999 0.445793931818182
mm2 102000000 103999999 0.451778333333333
mm2 104000000 105999999 0.444167125
mm2 106000000 107999999 0.491145588235294
mm2 108000000 109999999 0.420219482758621
mm2 110000000 111999999 0.409138698275862
mm2 112000000 113999999 0.390752754330708
mm2 114000000 115999999 0.462132187755102
mm2 116000000 117999999 0.474825912280702
mm2 118000000 119999999 0.41856132781457
mm2 120000000 121999999 0.387429955660377
mm2 122000000 123999999 0.397079566666667
mm2 124000000 125999999 0.394686304166667
mm2 126000000 127999999 0.416425276
mm2 128000000 129999999 0.392008893670886
mm2 130000000 131999999 0.406779992913385
mm2 132000000 133999999 0.434775492307692
mm2 134000000 135999999 0.445396459375
mm2 136000000 137999999 0.480199894285714
mm2 138000000 139999999 0.488770653061224
mm2 140000000 141999999 0.47241659375
mm2 142000000 143999999 0.462455563768116
mm2 144000000 145999999 0.467792058139535
mm2 146000000 147999999 0.464745956701031
mm2 148000000 149999999 0.5029353125
mm2 150000000 151999999 0.455451566019418
mm2 152000000 153999999 0.409969845967742
mm2 154000000 155999999 0.434209187195122
mm2 156000000 157999999 0.44828354351145
mm2 158000000 159999999 0.454618
mm2 160000000 161999999 0.416867004166667
mm2 162000000 163999999 0.4408131375
mm2 164000000 165999999 0.405394415447154
mm2 166000000 167999999 0.398798717699115
mm2 168000000 169999999 0.497018822727273
mm2 170000000 171999999 0.496068315909091
mm2 172000000 173999999 0.456894181818182
mm2 174000000 175999999 0.485036433928571
mm2 176000000 177999999 0.536618905660377
mm2 178000000 179999999 0.418105145833333
mm2 180000000 181999999 0.38720879787234
hs1 0 1999999 0.39713361294964
hs1 2000000 3999999 0.410342114388489
hs1 4000000 5999999 0.473404290322581
hs1 6000000 7999999 0.434067166129033
hs1 8000000 9999999 0.439123259340659
hs1 10000000 11999999 0.439014704278075
hs1 12000000 13999999 0.483717909090909
hs1 14000000 15999999 0.397752578947368
hs1 16000000 17999999 0.396072129457364
hs1 18000000 19999999 0.415414133663366
hs1 20000000 21999999 0.419648116216216
hs1 22000000 23999999 0.412427018348624
hs1 24000000 25999999 0.447269584536083
hs1 26000000 27999999 0.418097123287671
hs1 28000000 29999999 0.44508894488189
hs1 30000000 31999999 0.4021658453125
hs1 32000000 33999999 0.428485828289474
hs1 34000000 35999999 0.433255235294118
hs1 36000000 37999999 0.420127343119266
hs1 38000000 39999999 0.409455411510791
hs1 40000000 41999999 0.438854367307692
hs1 42000000 43999999 0.410473275728155
hs1 44000000 45999999 0.459198895104895
hs1 46000000 47999999 0.44442854054054
hs1 48000000 49999999 0.538023947368421
hs1 50000000 51999999 0.427888952564103
hs1 52000000 53999999 0.4550146522293
hs1 54000000 55999999 0.435568572815534
hs1 56000000 57999999 0.427500714285714
hs1 58000000 59999999 0.4623707
hs1 60000000 61999999 0.459881163934426
hs1 62000000 63999999 0.41474358699187
hs1 64000000 65999999 0.456711163934426
hs1 66000000 67999999 0.411288276923077
hs1 68000000 69999999 0.44232632
hs1 70000000 71999999 0.46345063768116
hs1 72000000 73999999 0.5365405
hs1 74000000 75999999 0.457131983076923
hs1 76000000 77999999 0.422064607142857
hs1 78000000 79999999 0.417089681818182
hs1 80000000 81999999 0.4666115
hs1 82000000 83999999 0.39652819047619
hs1 84000000 85999999 0.430137495049505
hs1 86000000 87999999 0.480717351851852
hs1 88000000 89999999 0.454335367088608
hs1 90000000 91999999 0.45872556
hs1 92000000 93999999 0.436774432989691
hs1 94000000 95999999 0.386558818181818
hs1 96000000 97999999 0.456744239130435
hs1 98000000 99999999 0.425787
hs1 100000000 101999999 0.443172749438202
hs1 102000000 103999999 0.347737352941177
hs1 104000000 105999999 0.367504136842105
hs1 106000000 107999999 0.447720217391304
hs1 108000000 109999999 0.4182368125
hs1 110000000 111999999 0.395560668888889
hs1 112000000 113999999 0.413988759493671
hs1 114000000 115999999 0.402423229166667
hs1 116000000 117999999 0.457510869879518
hs1 118000000 119999999 0.491939444444444
hs1 120000000 121999999 0.420733588636364
hs1 140000000 141999999 0.475068933333333
hs1 142000000 143999999 0.475676305084746
hs1 144000000 145999999 0.40491609
hs1 146000000 147999999 0.486503679245283
hs1 148000000 149999999 0.39459756969697
hs1 150000000 151999999 0.391286317073171
hs1 152000000 153999999 0.364759848344371
hs1 154000000 155999999 0.400626066666667
hs1 156000000 157999999 0.400514756097561
hs1 158000000 159999999 0.384801379245283
hs1 160000000 161999999 0.415517068421053
hs1 162000000 163999999 0.497573435483871
hs1 164000000 165999999 0.467353267741936
hs1 166000000 167999999 0.442914737974684
hs1 168000000 169999999 0.429586285
hs1 170000000 171999999 0.437451685185185
hs1 172000000 173999999 0.439125320689655
hs1 174000000 175999999 0.483031845901639
hs1 176000000 177999999 0.428307665384615
hs1 178000000 179999999 0.440694230107527
hs1 180000000 181999999 0.429401939759036
hs1 182000000 183999999 0.453572823529412
hs1 184000000 185999999 0.369248240963855
hs1 186000000 187999999 0.476425647058823
hs1 188000000 189999999 0.423893607142857
hs1 190000000 191999999 0.424159803571429
hs1 192000000 193999999 0.411543666666667
hs1 194000000 195999999 0.396190189010989
hs1 196000000 197999999 0.410037973529412
hs1 198000000 199999999 0.410362829411765
hs1 200000000 201999999 0.38601139469697
hs1 202000000 203999999 0.38014821
hs1 204000000 205999999 0.4224645734375
hs1 206000000 207999999 0.422629837837838
hs1 208000000 209999999 0.513364078125
hs1 210000000 211999999 0.473895505494505
hs1 212000000 213999999 0.459398495652174
hs1 214000000 215999999 0.470971295867769
hs1 216000000 217999999 0.52466411627907
hs1 218000000 219999999 0.411423519480519
hs1 220000000 221999999 0.438428576363636
hs1 222000000 223999999 0.432679141304348
hs1 224000000 225999999 0.44185027118644
hs1 226000000 227999999 0.438402441121495
hs1 228000000 229999999 0.460535006315789
hs1 230000000 231999999 0.466062509090909
hs1 232000000 233999999 0.45832044
hs1 234000000 235999999 0.401483039455782
hs1 236000000 237999999 0.404033923076923
hs1 238000000 239999999 0.449739012698413
hs1 240000000 241999999 0.44202764
hs1 242000000 243999999 0.424575756756757
hs1 244000000 245999999 0.409506057534246
hs1 246000000 247999999 0.422332402564103
hs2 0 1999999 0.461908861702127
hs2 2000000 3999999 0.475062721311475
hs2 4000000 5999999 0.499964357142857
hs2 6000000 7999999 0.499228064516129
hs2 8000000 9999999 0.42563840625
hs2 10000000 11999999 0.410880901851852
hs2 12000000 13999999 0.462824
hs2 14000000 15999999 0.432802932653061
hs2 16000000 17999999 0.424672394736842
hs2 18000000 19999999 0.388872058823529
hs2 20000000 21999999 0.423269152542373
hs2 22000000 23999999 0.467084694444444
hs2 24000000 25999999 0.428923659130435
hs2 26000000 27999999 0.397212763265306
hs2 28000000 29999999 0.428536541509434
hs2 30000000 31999999 0.450853745
hs2 32000000 33999999 0.428698614049587
hs2 34000000 35999999 0.202089
hs2 36000000 37999999 0.426141009090909
hs2 38000000 39999999 0.421427273809524
hs2 40000000 41999999 0.439623444444444
hs2 42000000 43999999 0.410204736363636
hs2 44000000 45999999 0.443478573809524
hs2 46000000 47999999 0.4507426
hs2 48000000 49999999 0.53076435
hs2 50000000 51999999 0.450587911764706
hs2 52000000 53999999 0.384823806451613
hs2 54000000 55999999 0.410060912621359
hs2 56000000 57999999 0.494479575757576
hs2 58000000 59999999 0.514356682432432
hs2 60000000 61999999 0.42269495503876
hs2 62000000 63999999 0.4305745
hs2 64000000 65999999 0.465952166666667
hs2 66000000 67999999 0.503570001428571
hs2 68000000 69999999 0.432673949019608
hs2 70000000 71999999 0.419829870526316
hs2 72000000 73999999 0.448745295945946
hs2 74000000 75999999 0.409904453488372
hs2 76000000 77999999 0.4365403
hs2 78000000 79999999 0.512824454545455
hs2 80000000 81999999 0.526289470588235
hs2 82000000 83999999 0.506113111111111
hs2 84000000 85999999 0.463434521052632
hs2 86000000 87999999 0.445030503157895
hs2 88000000 89999999 0.459783857024793
hs2 90000000 91999999 0.4608805
hs2 94000000 95999999 0.418400278688525
hs2 96000000 97999999 0.39274466635514
hs2 98000000 99999999 0.449608168
hs2 100000000 101999999 0.449717433766234
hs2 102000000 103999999 0.511522463414634
hs2 104000000 105999999 0.513203728985507
hs2 106000000 107999999 0.483094834545455
hs2 108000000 109999999 0.430375990277778
hs2 110000000 111999999 0.464852916666667
hs2 112000000 113999999 0.42250100106383
hs2 114000000 115999999 0.46706037037037
hs2 116000000 117999999 0.457481466666667
hs2 118000000 119999999 0.4646229
hs2 120000000 121999999 0.463937245360825
hs2 122000000 123999999 0.381457991666667
hs2 124000000 125999999 0.469155518518518
hs2 126000000 127999999 0.431431470833333
hs2 128000000 129999999 0.411926298701299
hs2 130000000 131999999 0.444321295918367
hs2 132000000 133999999 0.41645472972973
hs2 134000000 135999999 0.46132898245614
hs2 136000000 137999999 0.435627964285714
hs2 138000000 139999999 0.46427916
hs2 140000000 141999999 0.378903268292683
hs2 142000000 143999999 0.507289333333333
hs2 144000000 145999999 0.471134342857143
hs2 146000000 147999999 0.480083181818182
hs2 148000000 149999999 0.438118080645161
hs2 150000000 151999999 0.4494505
hs2 152000000 153999999 0.382773228813559
hs2 154000000 155999999 0.491446148148148
hs2 156000000 157999999 0.399710636363636
hs2 158000000 159999999 0.395747980519481
hs2 160000000 161999999 0.441998852459016
hs2 162000000 163999999 0.407178052702703
hs2 164000000 165999999 0.40778868
hs2 166000000 167999999 0.373729906666667
hs2 168000000 169999999 0.402838755172414
hs2 170000000 171999999 0.387605394871795
hs2 172000000 173999999 0.454301636363636
hs2 174000000 175999999 0.461070382978723
hs2 176000000 177999999 0.438331375
hs2 178000000 179999999 0.452207660714286
hs2 180000000 181999999 0.438806216216216
hs2 182000000 183999999 0.426095420454545
hs2 184000000 185999999 0.456865411764706
hs2 186000000 187999999 0.384727022222222
hs2 188000000 189999999 0.375587454545455
hs2 190000000 191999999 0.411501374789916
hs2 192000000 193999999 0.384992375
hs2 194000000 195999999 0.4113718
hs2 196000000 197999999 0.43558188976378
hs2 198000000 199999999 0.457276574468085
hs2 200000000 201999999 0.419269063541667
hs2 202000000 203999999 0.385645194805195
hs2 204000000 205999999 0.444493931034483
hs2 206000000 207999999 0.447829795774648
hs2 208000000 209999999 0.421277144210526
hs2 210000000 211999999 0.40929047826087
hs2 212000000 213999999 0.385394275
hs2 214000000 215999999 0.358184697777778
hs2 216000000 217999999 0.462216179166667
hs2 218000000 219999999 0.378986672033898
hs2 220000000 221999999 0.373807512121212
hs2 222000000 223999999 0.413472209836065
hs2 224000000 225999999 0.439851656716418
hs2 226000000 227999999 0.326739238095238
hs2 228000000 229999999 0.484105327083333
hs2 230000000 231999999 0.4388138875
hs2 232000000 233999999 0.426741273529412
hs2 234000000 235999999 0.403338952380952
hs2 236000000 237999999 0.470601292307692
hs2 238000000 239999999 0.436494329787234
hs2 240000000 241999999 0.378344059803922
hs2 242000000 243999999 0.412391534482759
