hs2 3000000 3999999 15.0000
hs2 4000000 4999999 1.0000
hs2 6000000 6999999 1.0000
hs2 9000000 9999999 7.0000
hs2 10000000 10999999 1.0000
hs2 11000000 11999999 1.0000
hs2 25000000 25999999 1.0000
hs2 26000000 26999999 1.0000
hs2 27000000 27999999 1.0000
hs2 28000000 28999999 1.0000
hs2 33000000 33999999 8.0000
hs2 37000000 37999999 1.0000
hs2 38000000 38999999 26.0000
hs2 41000000 41999999 11.0000
hs2 42000000 42999999 4.0000
hs2 44000000 44999999 1.0000
hs2 54000000 54999999 10.0000
hs2 61000000 61999999 2.0000
hs2 62000000 62999999 3.0000
hs2 63000000 63999999 5.0000
hs2 70000000 70999999 1.0000
hs2 73000000 73999999 1.0000
hs2 74000000 74999999 2.0000
hs2 84000000 84999999 7.0000
hs2 87000000 87999999 4.0000
hs2 88000000 88999999 3.0000
hs2 94000000 94999999 1.0000
hs2 95000000 95999999 5.0000
hs2 96000000 96999999 1.0000
hs2 97000000 97999999 6.0000
hs2 98000000 98999999 2.0000
hs2 99000000 99999999 1.0000
hs2 100000000 100999999 1.0000
hs2 103000000 103999999 1.0000
hs2 104000000 104999999 5.0000
hs2 106000000 106999999 8.0000
hs2 109000000 109999999 1.0000
hs2 110000000 110999999 1.0000
hs2 111000000 111999999 3.0000
hs2 113000000 113999999 2.0000
hs2 114000000 114999999 1.0000
hs2 120000000 120999999 2.0000
hs2 123000000 123999999 3.0000
hs2 124000000 124999999 7.0000
hs2 125000000 125999999 8.0000
hs2 126000000 126999999 7.0000
hs2 128000000 128999999 2.0000
hs2 130000000 130999999 8.0000
hs2 131000000 131999999 11.0000
hs2 132000000 132999999 2.0000
hs2 133000000 133999999 1.0000
hs2 134000000 134999999 1.0000
hs2 135000000 135999999 1.0000
hs2 137000000 137999999 1.0000
hs2 138000000 138999999 5.0000
hs2 139000000 139999999 5.0000
hs2 140000000 140999999 2.0000
hs2 143000000 143999999 1.0000
hs2 145000000 145999999 1.0000
hs2 148000000 148999999 1.0000
hs2 152000000 152999999 3.0000
hs2 153000000 153999999 2.0000
hs2 154000000 154999999 2.0000
hs2 155000000 155999999 3.0000
hs2 157000000 157999999 1.0000
hs2 158000000 158999999 2.0000
hs2 159000000 159999999 1.0000
hs2 160000000 160999999 1.0000
hs2 161000000 161999999 2.0000
hs2 162000000 162999999 1.0000
hs2 163000000 163999999 2.0000
hs2 165000000 165999999 8.0000
hs2 166000000 166999999 7.0000
hs2 168000000 168999999 2.0000
hs2 169000000 169999999 1.0000
hs2 170000000 170999999 1.0000
hs2 171000000 171999999 13.0000
hs2 174000000 174999999 7.0000
hs2 175000000 175999999 5.0000
hs2 176000000 176999999 2.0000
hs2 177000000 177999999 5.0000
hs2 178000000 178999999 5.0000
hs2 179000000 179999999 7.0000
hs2 180000000 180999999 7.0000
hs2 181000000 181999999 2.0000
hs2 184000000 184999999 1.0000
hs2 186000000 186999999 1.0000
hs2 188000000 188999999 1.0000
hs2 190000000 190999999 4.0000
hs2 191000000 191999999 10.0000
hs2 192000000 192999999 1.0000
hs2 194000000 194999999 6.0000
hs2 195000000 195999999 3.0000
hs2 196000000 196999999 7.0000
hs2 197000000 197999999 3.0000
hs2 198000000 198999999 2.0000
hs2 200000000 200999999 2.0000
hs2 201000000 201999999 7.0000
hs2 202000000 202999999 1.0000
hs2 203000000 203999999 1.0000
hs2 204000000 204999999 1.0000
hs2 206000000 206999999 5.0000
hs2 208000000 208999999 1.0000
hs2 209000000 209999999 7.0000
hs2 210000000 210999999 1.0000
hs2 212000000 212999999 2.0000
hs2 214000000 214999999 1.0000
hs2 216000000 216999999 3.0000
hs2 218000000 218999999 12.0000
hs2 219000000 219999999 3.0000
hs2 220000000 220999999 2.0000
hs2 222000000 222999999 1.0000
hs2 224000000 224999999 1.0000
hs2 228000000 228999999 2.0000
hs2 230000000 230999999 13.0000
hs2 231000000 231999999 11.0000
hs2 232000000 232999999 7.0000
hs2 233000000 233999999 4.0000
hs2 234000000 234999999 10.0000
hs2 236000000 236999999 1.0000
hs2 238000000 238999999 1.0000
hs2 240000000 240999999 3.0000
hs2 241000000 241999999 1.0000
hs2 242000000 242999999 2.0000
mm1 0 999999 1.0000
mm1 3000000 3999999 1.0000
mm1 4000000 4999999 4.0000
mm1 8000000 8999999 10.0000
mm1 9000000 9999999 12.0000
mm1 10000000 10999999 1.0000
mm1 12000000 12999999 1.0000
mm1 13000000 13999999 11.0000
mm1 14000000 14999999 9.0000
mm1 15000000 15999999 10.0000
mm1 18000000 18999999 2.0000
mm1 19000000 19999999 6.0000
mm1 20000000 20999999 2.0000
mm1 21000000 21999999 17.0000
mm1 22000000 22999999 8.0000
mm1 23000000 23999999 2.0000
mm1 24000000 24999999 9.0000
mm1 28000000 28999999 1.0000
mm1 29000000 29999999 5.0000
mm1 30000000 30999999 1.0000
mm1 31000000 31999999 10.0000
mm1 33000000 33999999 2.0000
mm1 34000000 34999999 4.0000
mm1 35000000 35999999 1.0000
mm1 36000000 36999999 1.0000
mm1 38000000 38999999 2.0000
mm1 40000000 40999999 2.0000
mm1 43000000 43999999 2.0000
mm1 44000000 44999999 6.0000
mm1 45000000 45999999 9.0000
mm1 46000000 46999999 4.0000
mm1 47000000 47999999 9.0000
mm1 48000000 48999999 4.0000
mm1 49000000 49999999 1.0000
mm1 50000000 50999999 2.0000
mm1 51000000 51999999 1.0000
mm1 52000000 52999999 15.0000
mm1 55000000 55999999 2.0000
mm1 58000000 58999999 1.0000
mm1 59000000 59999999 1.0000
mm1 62000000 62999999 2.0000
mm1 63000000 63999999 2.0000
mm1 64000000 64999999 1.0000
mm1 65000000 65999999 1.0000
mm1 66000000 66999999 4.0000
mm1 69000000 69999999 1.0000
mm1 71000000 71999999 2.0000
mm1 72000000 72999999 2.0000
mm1 75000000 75999999 6.0000
mm1 76000000 76999999 2.0000
mm1 77000000 77999999 2.0000
mm1 78000000 78999999 2.0000
mm1 79000000 79999999 5.0000
mm1 80000000 80999999 1.0000
mm1 83000000 83999999 9.0000
mm1 84000000 84999999 2.0000
mm1 85000000 85999999 3.0000
mm1 86000000 86999999 1.0000
mm1 87000000 87999999 4.0000
mm1 88000000 88999999 5.0000
mm1 89000000 89999999 10.0000
mm1 90000000 90999999 6.0000
mm1 91000000 91999999 1.0000
mm1 94000000 94999999 3.0000
mm1 95000000 95999999 2.0000
mm1 96000000 96999999 2.0000
mm1 98000000 98999999 1.0000
mm1 100000000 100999999 1.0000
mm1 101000000 101999999 1.0000
mm1 102000000 102999999 1.0000
mm1 103000000 103999999 4.0000
mm1 104000000 104999999 6.0000
mm1 105000000 105999999 4.0000
mm1 107000000 107999999 6.0000
mm1 108000000 108999999 7.0000
mm1 110000000 110999999 1.0000
mm1 111000000 111999999 6.0000
mm1 112000000 112999999 3.0000
mm1 113000000 113999999 8.0000
mm1 114000000 114999999 6.0000
mm1 117000000 117999999 4.0000
mm1 118000000 118999999 4.0000
mm1 119000000 119999999 4.0000
mm1 121000000 121999999 8.0000
mm1 122000000 122999999 1.0000
mm1 123000000 123999999 1.0000
mm1 124000000 124999999 1.0000
mm1 125000000 125999999 1.0000
mm1 126000000 126999999 1.0000
mm1 128000000 128999999 1.0000
mm1 130000000 130999999 2.0000
mm1 131000000 131999999 1.0000
mm1 132000000 132999999 1.0000
mm1 133000000 133999999 6.0000
mm1 134000000 134999999 1.0000
mm1 135000000 135999999 2.0000
mm1 137000000 137999999 2.0000
mm1 138000000 138999999 1.0000
mm1 139000000 139999999 3.0000
mm1 140000000 140999999 1.0000
mm1 141000000 141999999 1.0000
mm1 142000000 142999999 1.0000
mm1 144000000 144999999 10.0000
mm1 145000000 145999999 3.0000
mm1 146000000 146999999 1.0000
mm1 147000000 147999999 3.0000
mm1 148000000 148999999 1.0000
mm1 149000000 149999999 2.0000
mm1 150000000 150999999 6.0000
mm1 151000000 151999999 7.0000
mm1 152000000 152999999 3.0000
mm1 153000000 153999999 2.0000
mm1 154000000 154999999 1.0000
mm1 155000000 155999999 2.0000
mm1 157000000 157999999 2.0000
mm1 158000000 158999999 1.0000
mm1 159000000 159999999 1.0000
mm1 161000000 161999999 1.0000
mm1 162000000 162999999 2.0000
mm1 163000000 163999999 2.0000
mm1 165000000 165999999 6.0000
mm1 166000000 166999999 2.0000
mm1 167000000 167999999 4.0000
mm1 168000000 168999999 1.0000
mm1 169000000 169999999 1.0000
mm1 172000000 172999999 9.0000
mm1 173000000 173999999 2.0000
mm1 174000000 174999999 5.0000
mm1 175000000 175999999 5.0000
mm1 176000000 176999999 1.0000
mm1 178000000 178999999 9.0000
mm1 179000000 179999999 1.0000
mm1 180000000 180999999 2.0000
mm1 181000000 181999999 5.0000
mm1 182000000 182999999 11.0000
mm1 183000000 183999999 3.0000
mm1 184000000 184999999 3.0000
mm1 185000000 185999999 1.0000
mm1 186000000 186999999 1.0000
mm1 187000000 187999999 8.0000
mm1 188000000 188999999 3.0000
mm1 190000000 190999999 3.0000
mm1 191000000 191999999 1.0000
mm1 192000000 192999999 6.0000
hs1 0 999999 15.0000
hs1 8000000 8999999 3.0000
hs1 10000000 10999999 1.0000
hs1 11000000 11999999 1.0000
hs1 21000000 21999999 1.0000
hs1 23000000 23999999 1.0000
hs1 24000000 24999999 1.0000
hs1 27000000 27999999 1.0000
hs1 28000000 28999999 1.0000
hs1 31000000 31999999 4.0000
hs1 32000000 32999999 16.0000
hs1 34000000 34999999 2.0000
hs1 35000000 35999999 2.0000
hs1 38000000 38999999 2.0000
hs1 39000000 39999999 2.0000
hs1 40000000 40999999 2.0000
hs1 41000000 41999999 1.0000
hs1 42000000 42999999 1.0000
hs1 45000000 45999999 2.0000
hs1 47000000 47999999 2.0000
hs1 48000000 48999999 1.0000
hs1 50000000 50999999 1.0000
hs1 51000000 51999999 22.0000
hs1 53000000 53999999 2.0000
hs1 54000000 54999999 11.0000
hs1 58000000 58999999 5.0000
hs1 67000000 67999999 2.0000
hs1 78000000 78999999 2.0000
hs1 80000000 80999999 12.0000
hs1 81000000 81999999 5.0000
hs1 89000000 89999999 1.0000
hs1 91000000 91999999 2.0000
hs1 92000000 92999999 27.0000
hs1 94000000 94999999 18.0000
hs1 96000000 96999999 7.0000
hs1 101000000 101999999 4.0000
hs1 102000000 102999999 2.0000
hs1 107000000 107999999 2.0000
hs1 109000000 109999999 1.0000
hs1 112000000 112999999 1.0000
hs1 113000000 113999999 7.0000
hs1 114000000 114999999 2.0000
hs1 115000000 115999999 1.0000
hs1 116000000 116999999 7.0000
hs1 117000000 117999999 30.0000
hs1 119000000 119999999 73.0000
hs1 120000000 120999999 4.0000
hs1 145000000 145999999 3.0000
hs1 147000000 147999999 1.0000
hs1 148000000 148999999 2.0000
hs1 151000000 151999999 1.0000
hs1 152000000 152999999 3.0000
hs1 156000000 156999999 7.0000
hs1 157000000 157999999 24.0000
hs1 158000000 158999999 5.0000
hs1 159000000 159999999 11.0000
hs1 162000000 162999999 3.0000
hs1 163000000 163999999 1.0000
hs1 164000000 164999999 2.0000
hs1 166000000 166999999 1.0000
hs1 169000000 169999999 15.0000
hs1 170000000 170999999 1.0000
hs1 173000000 173999999 1.0000
hs1 174000000 174999999 3.0000
hs1 177000000 177999999 9.0000
hs1 178000000 178999999 4.0000
hs1 179000000 179999999 1.0000
hs1 180000000 180999999 1.0000
hs1 183000000 183999999 2.0000
hs1 184000000 184999999 2.0000
hs1 187000000 187999999 2.0000
hs1 189000000 189999999 6.0000
hs1 192000000 192999999 7.0000
hs1 194000000 194999999 2.0000
hs1 195000000 195999999 4.0000
hs1 196000000 196999999 1.0000
hs1 197000000 197999999 4.0000
hs1 201000000 201999999 7.0000
hs1 205000000 205999999 2.0000
hs1 207000000 207999999 1.0000
hs1 209000000 209999999 2.0000
hs1 211000000 211999999 1.0000
hs1 212000000 212999999 1.0000
hs1 213000000 213999999 21.0000
hs1 217000000 217999999 1.0000
hs1 218000000 218999999 3.0000
hs1 220000000 220999999 2.0000
hs1 221000000 221999999 1.0000
hs1 222000000 222999999 6.0000
hs1 224000000 224999999 2.0000
hs1 225000000 225999999 5.0000
hs1 226000000 226999999 1.0000
hs1 227000000 227999999 12.0000
hs1 233000000 233999999 7.0000
hs1 234000000 234999999 3.0000
hs1 235000000 235999999 2.0000
hs1 236000000 236999999 2.0000
hs1 238000000 238999999 1.0000
hs1 239000000 239999999 6.0000
hs1 240000000 240999999 3.0000
hs1 241000000 241999999 1.0000
hs1 245000000 245999999 6.0000
mm2 0 999999 3.0000
mm2 4000000 4999999 1.0000
mm2 7000000 7999999 1.0000
mm2 8000000 8999999 1.0000
mm2 10000000 10999999 1.0000
mm2 11000000 11999999 22.0000
mm2 14000000 14999999 2.0000
mm2 15000000 15999999 2.0000
mm2 16000000 16999999 6.0000
mm2 17000000 17999999 2.0000
mm2 18000000 18999999 3.0000
mm2 19000000 19999999 2.0000
mm2 20000000 20999999 3.0000
mm2 21000000 21999999 4.0000
mm2 22000000 22999999 3.0000
mm2 23000000 23999999 1.0000
mm2 24000000 24999999 9.0000
mm2 25000000 25999999 3.0000
mm2 26000000 26999999 2.0000
mm2 27000000 27999999 2.0000
mm2 28000000 28999999 16.0000
mm2 29000000 29999999 6.0000
mm2 30000000 30999999 16.0000
mm2 32000000 32999999 10.0000
mm2 34000000 34999999 4.0000
mm2 35000000 35999999 3.0000
mm2 36000000 36999999 1.0000
mm2 37000000 37999999 3.0000
mm2 38000000 38999999 5.0000
mm2 39000000 39999999 1.0000
mm2 40000000 40999999 4.0000
mm2 43000000 43999999 7.0000
mm2 45000000 45999999 1.0000
mm2 49000000 49999999 1.0000
mm2 50000000 50999999 4.0000
mm2 52000000 52999999 4.0000
mm2 53000000 53999999 3.0000
mm2 54000000 54999999 3.0000
mm2 59000000 59999999 3.0000
mm2 62000000 62999999 3.0000
mm2 65000000 65999999 5.0000
mm2 66000000 66999999 5.0000
mm2 67000000 67999999 3.0000
mm2 68000000 68999999 2.0000
mm2 69000000 69999999 1.0000
mm2 70000000 70999999 1.0000
mm2 71000000 71999999 2.0000
mm2 72000000 72999999 6.0000
mm2 73000000 73999999 3.0000
mm2 74000000 74999999 3.0000
mm2 75000000 75999999 5.0000
mm2 76000000 76999999 7.0000
mm2 77000000 77999999 14.0000
mm2 79000000 79999999 1.0000
mm2 80000000 80999999 1.0000
mm2 81000000 81999999 3.0000
mm2 84000000 84999999 1.0000
mm2 88000000 88999999 1.0000
mm2 93000000 93999999 1.0000
mm2 94000000 94999999 3.0000
mm2 97000000 97999999 7.0000
mm2 98000000 98999999 1.0000
mm2 100000000 100999999 1.0000
mm2 101000000 101999999 3.0000
mm2 103000000 103999999 3.0000
mm2 104000000 104999999 7.0000
mm2 106000000 106999999 4.0000
mm2 107000000 107999999 2.0000
mm2 108000000 108999999 1.0000
mm2 109000000 109999999 5.0000
mm2 110000000 110999999 1.0000
mm2 111000000 111999999 4.0000
mm2 112000000 112999999 1.0000
mm2 113000000 113999999 6.0000
mm2 115000000 115999999 4.0000
mm2 116000000 116999999 14.0000
mm2 118000000 118999999 2.0000
mm2 119000000 119999999 2.0000
mm2 121000000 121999999 2.0000
mm2 122000000 122999999 3.0000
mm2 126000000 126999999 2.0000
mm2 127000000 127999999 4.0000
mm2 128000000 128999999 8.0000
mm2 129000000 129999999 2.0000
mm2 130000000 130999999 6.0000
mm2 131000000 131999999 1.0000
mm2 132000000 132999999 1.0000
mm2 136000000 136999999 2.0000
mm2 138000000 138999999 2.0000
mm2 141000000 141999999 4.0000
mm2 142000000 142999999 1.0000
mm2 143000000 143999999 5.0000
mm2 144000000 144999999 1.0000
mm2 146000000 146999999 10.0000
mm2 147000000 147999999 3.0000
mm2 148000000 148999999 1.0000
mm2 149000000 149999999 3.0000
mm2 150000000 150999999 2.0000
mm2 151000000 151999999 9.0000
mm2 152000000 152999999 9.0000
mm2 153000000 153999999 6.0000
mm2 154000000 154999999 6.0000
mm2 156000000 156999999 7.0000
mm2 157000000 157999999 12.0000
mm2 158000000 158999999 7.0000
mm2 159000000 159999999 3.0000
mm2 160000000 160999999 4.0000
mm2 161000000 161999999 14.0000
mm2 162000000 162999999 11.0000
mm2 163000000 163999999 1.0000
mm2 164000000 164999999 3.0000
mm2 165000000 165999999 2.0000
mm2 166000000 166999999 1.0000
mm2 167000000 167999999 2.0000
mm2 170000000 170999999 15.0000
mm2 176000000 176999999 1.0000
mm2 180000000 180999999 2.0000
