hs2 0 4999999 7755.0000,0.0000,0.0000,15461.0000
hs2 5000000 9999999 7877.0000,0.0000,0.0000,9648.0000
hs2 10000000 14999999 4877.0000,0.0000,0.0000,1319.0000
hs2 25000000 29999999 40722.0000,0.0000,0.0000,20747.0000
hs2 30000000 34999999 7664.0000,0.0000,0.0000,2691.0000
hs2 35000000 39999999 11408.0000,0.0000,0.0000,23640.0000
hs2 40000000 44999999 42742.0000,0.0000,0.0000,16721.0000
hs2 50000000 54999999 7745.0000,0.0000,0.0000,7684.0000
hs2 60000000 64999999 7016.0000,0.0000,0.0000,23395.0000
hs2 70000000 74999999 2685.0000,0.0000,0.0000,5510.0000
hs2 80000000 84999999 950.0000,0.0000,0.0000,12583.0000
hs2 85000000 89999999 0.0000,0.0000,0.0000,123674.0000
hs2 90000000 94999999 0.0000,0.0000,0.0000,8511.0000
hs2 95000000 99999999 65199.0000,0.0000,0.0000,257937.0000
hs2 100000000 104999999 9496.0000,0.0000,0.0000,3527.0000
hs2 105000000 109999999 30535.0000,0.0000,0.0000,20379.0000
hs2 110000000 114999999 47935.0000,0.0000,0.0000,11824.0000
hs2 120000000 124999999 250798.0000,0.0000,0.0000,0.0000
hs2 125000000 129999999 435645.0000,0.0000,0.0000,0.0000
hs2 130000000 134999999 179078.0000,0.0000,0.0000,30254.0000
hs2 135000000 139999999 4452.0000,0.0000,0.0000,156553.0000
hs2 140000000 144999999 4098.0000,0.0000,0.0000,17114.0000
hs2 145000000 149999999 0.0000,0.0000,0.0000,7394.0000
hs2 150000000 154999999 0.0000,0.0000,0.0000,90463.0000
hs2 155000000 159999999 6856.0000,0.0000,0.0000,37148.0000
hs2 160000000 164999999 14902.0000,0.0000,0.0000,18339.0000
hs2 165000000 169999999 1897.0000,0.0000,0.0000,408138.0000
hs2 170000000 174999999 13156.0000,0.0000,0.0000,19251.0000
hs2 175000000 179999999 18541.0000,0.0000,0.0000,125303.0000
hs2 180000000 184999999 0.0000,0.0000,0.0000,348931.0000
hs2 185000000 189999999 10083.0000,0.0000,0.0000,17739.0000
hs2 190000000 194999999 115187.0000,0.0000,0.0000,41478.0000
hs2 195000000 199999999 90166.0000,0.0000,0.0000,5419.0000
hs2 200000000 204999999 97909.0000,0.0000,0.0000,7791.0000
hs2 205000000 209999999 19848.0000,0.0000,0.0000,4252.0000
hs2 210000000 214999999 24400.0000,0.0000,0.0000,4535.0000
hs2 215000000 219999999 14998.0000,0.0000,0.0000,17356.0000
hs2 220000000 224999999 29318.0000,0.0000,0.0000,1878.0000
hs2 225000000 229999999 10186.0000,0.0000,0.0000,0.0000
hs2 230000000 234999999 910813.0000,0.0000,0.0000,6979.0000
hs2 235000000 239999999 1298.0000,0.0000,0.0000,1805.0000
hs2 240000000 244999999 110423.0000,0.0000,0.0000,0.0000
mm1 0 4999999 0.0000,19267.0000,11435.0000,0.0000
mm1 5000000 9999999 0.0000,29197.0000,10022.0000,0.0000
mm1 10000000 14999999 0.0000,26687.0000,19855.0000,0.0000
mm1 15000000 19999999 0.0000,59003.0000,16048.0000,0.0000
mm1 20000000 24999999 0.0000,372671.0000,15260.0000,0.0000
mm1 25000000 29999999 0.0000,18379.0000,6661.0000,0.0000
mm1 30000000 34999999 0.0000,78222.0000,70690.0000,0.0000
mm1 35000000 39999999 0.0000,2934.0000,64004.0000,0.0000
mm1 40000000 44999999 0.0000,31601.0000,0.0000,0.0000
mm1 45000000 49999999 0.0000,22938.0000,69404.0000,0.0000
mm1 50000000 54999999 0.0000,15132.0000,10108.0000,0.0000
mm1 55000000 59999999 0.0000,53342.0000,45456.0000,0.0000
mm1 60000000 64999999 0.0000,105128.0000,949.0000,0.0000
mm1 65000000 69999999 0.0000,7258.0000,9403.0000,0.0000
mm1 70000000 74999999 0.0000,3447.0000,2474.0000,0.0000
mm1 75000000 79999999 0.0000,12555.0000,114122.0000,0.0000
mm1 80000000 84999999 0.0000,7128.0000,48655.0000,0.0000
mm1 85000000 89999999 0.0000,2299.0000,406299.0000,0.0000
mm1 90000000 94999999 0.0000,3179.0000,84842.0000,0.0000
mm1 95000000 99999999 0.0000,5565.0000,86730.0000,0.0000
mm1 100000000 104999999 0.0000,1918.0000,299093.0000,0.0000
mm1 105000000 109999999 0.0000,7958.0000,196557.0000,0.0000
mm1 110000000 114999999 0.0000,11290.0000,207444.0000,0.0000
mm1 115000000 119999999 0.0000,11180.0000,170985.0000,0.0000
mm1 120000000 124999999 0.0000,1234.0000,88852.0000,0.0000
mm1 125000000 129999999 0.0000,0.0000,32778.0000,0.0000
mm1 130000000 134999999 0.0000,31381.0000,7035.0000,0.0000
mm1 135000000 139999999 0.0000,81338.0000,24294.0000,0.0000
mm1 140000000 144999999 0.0000,151910.0000,3769.0000,0.0000
mm1 145000000 149999999 0.0000,44515.0000,6198.0000,0.0000
mm1 150000000 154999999 0.0000,8116.0000,66344.0000,0.0000
mm1 155000000 159999999 0.0000,5742.0000,40843.0000,0.0000
mm1 160000000 164999999 0.0000,9452.0000,32124.0000,0.0000
mm1 165000000 169999999 0.0000,31549.0000,14057.0000,0.0000
mm1 170000000 174999999 0.0000,64680.0000,19398.0000,0.0000
mm1 175000000 179999999 0.0000,213851.0000,16973.0000,0.0000
mm1 180000000 184999999 0.0000,28011.0000,59744.0000,0.0000
mm1 185000000 189999999 0.0000,13335.0000,13699.0000,0.0000
mm1 190000000 194999999 0.0000,34687.0000,9870.0000,0.0000
hs1 0 4999999 106293.0000,0.0000,0.0000,37029.0000
hs1 5000000 9999999 15105.0000,0.0000,0.0000,13920.0000
hs1 10000000 14999999 0.0000,0.0000,0.0000,10474.0000
hs1 20000000 24999999 17332.0000,0.0000,0.0000,1328.0000
hs1 25000000 29999999 0.0000,0.0000,0.0000,3304.0000
hs1 30000000 34999999 15830.0000,0.0000,0.0000,26559.0000
hs1 35000000 39999999 45233.0000,0.0000,0.0000,19502.0000
hs1 40000000 44999999 3202.0000,0.0000,0.0000,2319.0000
hs1 45000000 49999999 36109.0000,0.0000,0.0000,4626.0000
hs1 50000000 54999999 16572.0000,0.0000,0.0000,27614.0000
hs1 55000000 59999999 4337.0000,0.0000,0.0000,3009.0000
hs1 65000000 69999999 2410.0000,0.0000,0.0000,2414.0000
hs1 75000000 79999999 1585.0000,0.0000,0.0000,2181.0000
hs1 80000000 84999999 12412.0000,0.0000,0.0000,9889.0000
hs1 85000000 89999999 0.0000,0.0000,0.0000,2183.0000
hs1 90000000 94999999 27615.0000,0.0000,0.0000,44491.0000
hs1 95000000 99999999 10724.0000,0.0000,0.0000,3132.0000
hs1 100000000 104999999 3769.0000,0.0000,0.0000,3842.0000
hs1 105000000 109999999 2347.0000,0.0000,0.0000,7424.0000
hs1 110000000 114999999 38799.0000,0.0000,0.0000,6720.0000
hs1 115000000 119999999 107597.0000,0.0000,0.0000,89332.0000
hs1 120000000 124999999 45387.0000,0.0000,0.0000,100303.0000
hs1 145000000 149999999 68154.0000,0.0000,0.0000,5288.0000
hs1 150000000 154999999 1063.0000,0.0000,0.0000,6599.0000
hs1 155000000 159999999 475221.0000,0.0000,0.0000,78183.0000
hs1 160000000 164999999 24149.0000,0.0000,0.0000,1473.0000
hs1 165000000 169999999 16677.0000,0.0000,0.0000,11852.0000
hs1 170000000 174999999 12694.0000,0.0000,0.0000,4765.0000
hs1 175000000 179999999 20714.0000,0.0000,0.0000,8775.0000
hs1 180000000 184999999 8229.0000,0.0000,0.0000,1001.0000
hs1 185000000 189999999 34269.0000,0.0000,0.0000,5513.0000
hs1 190000000 194999999 174660.0000,0.0000,0.0000,2120.0000
hs1 195000000 199999999 20454.0000,0.0000,0.0000,3957.0000
hs1 200000000 204999999 9904.0000,0.0000,0.0000,8725.0000
hs1 205000000 209999999 23149.0000,0.0000,0.0000,0.0000
hs1 210000000 214999999 56030.0000,0.0000,0.0000,15881.0000
hs1 215000000 219999999 7057.0000,0.0000,0.0000,4303.0000
hs1 220000000 224999999 55555.0000,0.0000,0.0000,29293.0000
hs1 225000000 229999999 17885.0000,0.0000,0.0000,18884.0000
hs1 230000000 234999999 4927.0000,0.0000,0.0000,12063.0000
hs1 235000000 239999999 20912.0000,0.0000,0.0000,12406.0000
hs1 240000000 244999999 15061.0000,0.0000,0.0000,6624.0000
hs1 245000000 249999999 9852.0000,0.0000,0.0000,2039.0000
mm2 0 4999999 0.0000,11402.0000,26857.0000,0.0000
mm2 5000000 9999999 0.0000,9943.0000,0.0000,0.0000
mm2 10000000 14999999 0.0000,22610.0000,17841.0000,0.0000
mm2 15000000 19999999 0.0000,11886.0000,17309.0000,0.0000
mm2 20000000 24999999 0.0000,18561.0000,108463.0000,0.0000
mm2 25000000 29999999 0.0000,71871.0000,32059.0000,0.0000
mm2 30000000 34999999 0.0000,35050.0000,8378.0000,0.0000
mm2 35000000 39999999 0.0000,5755.0000,32939.0000,0.0000
mm2 40000000 44999999 0.0000,14333.0000,1201.0000,0.0000
mm2 45000000 49999999 0.0000,862.0000,1293.0000,0.0000
mm2 50000000 54999999 0.0000,6859.0000,144147.0000,0.0000
mm2 55000000 59999999 0.0000,1847.0000,2970.0000,0.0000
mm2 60000000 64999999 0.0000,6875.0000,1071.0000,0.0000
mm2 65000000 69999999 0.0000,11846.0000,55399.0000,0.0000
mm2 70000000 74999999 0.0000,7854.0000,28345.0000,0.0000
mm2 75000000 79999999 0.0000,23270.0000,73260.0000,0.0000
mm2 80000000 84999999 0.0000,7601.0000,2571.0000,0.0000
mm2 85000000 89999999 0.0000,8548.0000,0.0000,0.0000
mm2 90000000 94999999 0.0000,1547.0000,28383.0000,0.0000
mm2 95000000 99999999 0.0000,0.0000,40522.0000,0.0000
mm2 100000000 104999999 0.0000,11199.0000,63130.0000,0.0000
mm2 105000000 109999999 0.0000,9900.0000,47758.0000,0.0000
mm2 110000000 114999999 0.0000,37023.0000,36278.0000,0.0000
mm2 115000000 119999999 0.0000,12592.0000,396212.0000,0.0000
mm2 120000000 124999999 0.0000,16817.0000,14320.0000,0.0000
mm2 125000000 129999999 0.0000,5152.0000,166851.0000,0.0000
mm2 130000000 134999999 0.0000,2078.0000,10071.0000,0.0000
mm2 135000000 139999999 0.0000,2471.0000,3678.0000,0.0000
mm2 140000000 144999999 0.0000,13699.0000,32013.0000,0.0000
mm2 145000000 149999999 0.0000,16546.0000,4689.0000,0.0000
mm2 150000000 154999999 0.0000,70225.0000,69257.0000,0.0000
mm2 155000000 159999999 0.0000,34112.0000,190493.0000,0.0000
mm2 160000000 164999999 0.0000,39760.0000,19118.0000,0.0000
mm2 165000000 169999999 0.0000,2018.0000,9964.0000,0.0000
mm2 170000000 174999999 0.0000,14509.0000,5294.0000,0.0000
mm2 175000000 179999999 0.0000,0.0000,15364.0000,0.0000
mm2 180000000 184999999 0.0000,894.0000,7437.0000,0.0000
