hs1 44386315 46851653 0
hs1 318380 2106694 0
hs1 36542601 38017761 0
hs1 51945152 53231993 0
hs1 36525250 37778945 0
hs1 238998427 242287401 0
hs1 44341293 45890104 0
hs1 203437907 210292030 0
hs1 82446899 84736850 0
hs1 22285489 22522455 0
hs1 164511305 164513472 0
hs1 226228756 231491879 0
hs1 180571615 183463541 0
hs1 108846390 109392540 0
hs1 195924445 197624527 0
hs1 220708071 222205654 0
hs1 20725045 24148589 0
hs1 120864 651065 0
hs1 91262019 92313628 0
hs1 3531463 3535692 0
hs1 67515901 68401305 0
hs1 164511301 170060819 0
