hs1 236156675 239151260 0
hs1 207472111 207508251 0
hs1 8876056 11042685 0
hs1 229319969 231491860 0
hs1 217847887 218495164 0
hs1 171597435 171977754 0
hs1 75820323 76939107 0
hs1 236336991 239150879 0
hs1 210291418 210890366 0
hs1 164983183 166815325 0
hs1 54775026 56446758 0
hs1 68480689 70770677 0
hs1 67515871 68481378 0
hs1 202052674 204769711 0
hs1 195924418 197624528 0
hs1 112997742 114882605 0
hs1 189381035 190952412 0
hs1 195924445 197624496 0
hs1 236170683 238374384 0
hs1 106427064 109996317 0
