hs1 190951897 190952412 0
hs1 43127892 43601446 0
hs1 239149552 240290203 0
hs1 141753203 142236873 0
hs1 154958310 155961400 0
hs1 35588867 39244148 0
hs1 61892360 64027591 0
hs1 12829530 13106495 0
hs1 115919502 116201997 0
hs1 177691650 178672577 0
hs1 28049389 28320297 0
hs1 216090197 218495164 0
hs1 141638035 142193005 0
hs1 213616505 216578796 0
hs1 242827474 245461840 0
hs1 198275409 202855659 0
hs1 89341379 91263015 0
hs1 4135364 6138408 0
hs1 6530516 6531349 0
hs1 245412472 245462042 0
hs1 233590323 233969589 0
hs1 67404504 68481370 0
hs1 229319942 231491860 0
hs1 206268784 206457867 0
hs1 53232984 54776342 0
hs1 169505209 174853134 0
hs1 101178816 103915545 0
hs1 220447889 220975152 0
hs1 27405915 27962213 0
hs1 159131302 162594096 0
hs1 40200782 42940607 0
