hs1 110000601 114741401 0
hs1 7762370 11006687 0
hs1 62679743 63500967 0
hs1 213110625 216090502 0
hs1 177419490 178205353 0
hs1 162592599 162594092 0
hs1 198275407 198410679 0
hs1 120201742 120738218 0
hs1 103561576 104102976 0
hs1 27405917 28943089 0
hs1 68561411 75575572 0
hs1 218493472 220449781 0
hs1 86784327 89436127 0
hs1 199755770 203953391 0
hs1 25038934 27063531 0
hs1 5799134 5800292 0
hs1 104031482 113358769 0
hs1 51945146 54214412 0
hs1 19807145 23341662 0
hs1 67515835 67518332 0
hs1 144595054 150460243 0
hs1 99936384 99937327 0
hs1 16747648 21612670 0
hs1 79401218 94541389 0
hs1 143388043 159132975 0
hs1 72539716 73344823 0
hs1 144804636 146170985 0
hs1 32640059 34078463 0
hs1 76938026 77803645 0
hs1 119759525 120088293 0
hs1 234713013 235050528 0
