hs1 231491212 236157529 0
hs1 47167283 61327040 0
hs1 92312016 96686759 0
hs1 187367875 187369119 0
hs1 89341912 92885803 0
hs1 2480078 4296074 0
hs1 177691604 178205358 0
hs1 234713026 236338513 0
hs1 195924447 197624497 0
hs1 213110629 213111927 0
hs1 67897436 68481360 0
hs1 11258974 24148602 0
hs1 44991989 48454879 0
hs1 12829560 15629422 0
hs1 75820323 78013139 0
hs1 31732510 42280933 0
hs1 1396905 1656184 0
hs1 99936384 101180213 0
hs1 11001374 19807711 0
hs1 152090730 154574647 0
hs1 70719230 71977159 0
hs1 101178816 103915536 0
hs1 169505221 173085994 0
hs1 209447047 210601822 0
hs1 169505221 171724437 0
hs1 29567264 30632284 0
hs1 189381446 190952412 0
