hs1 75820340 80690344 0
hs1 185867933 188228958 0
hs1 171587814 173085948 0
hs1 146875120 148091335 0
hs1 99936384 101180185 0
hs1 181194754 185870749 0
hs1 63560898 64082024 0
hs1 164258032 166815325 0
hs1 45865713 45890118 0
hs1 236336991 236722653 0
hs1 53232982 53234287 0
hs1 19807170 20725874 0
hs1 233967783 240290208 0
hs1 201108973 201148877 0
hs1 53232982 54776355 0
hs1 218865675 229320739 0
hs1 225760497 226719029 0
hs1 146376146 148091335 0
hs1 20725051 24179439 0
hs1 209098844 209901259 0
hs1 141792277 141793441 0
hs1 141601134 143233618 0
hs1 162592530 162594161 0
hs1 101178807 103915536 0
hs1 52321585 54776351 0
hs1 6530516 8877255 0
