hs1 174850431 177693152 0
hs1 111191717 111193213 0
hs1 80689021 84483117 0
hs1 171375210 171378133 0
hs1 214179850 218868007 0
hs1 162592614 164984676 0
hs1 143849725 143851263 0
hs1 229319952 234714827 0
hs1 99936384 99937330 0
hs1 12829530 13106525 0
hs1 62448041 64027609 0
hs1 208505571 209448264 0
hs1 210291430 210549507 0
hs1 246605215 246883176 0
hs1 115061854 116202024 0
hs1 189381446 190952412 0
hs1 39242519 40310903 0
hs1 45196815 45856505 0
hs1 233844578 234342580 0
hs1 24147277 27407818 0
hs1 245459802 246684594 0
