hs1 225986375 226771055 0
hs1 78085549 79294280 0
hs1 243353035 247179629 0
hs1 24860424 27407810 0
hs1 166814411 173281564 0
hs1 107124331 109996320 0
hs1 203861144 217122050 0
hs1 2928150 4135824 0
hs1 39236428 44090012 0
hs1 32640076 34078463 0
hs1 32640031 32665238 0
hs1 178204350 180624513 0
hs1 20725049 24148586 0
hs1 198449254 199338548 0
hs1 77367353 78013158 0
hs1 62879349 63599440 0
hs1 92363441 94541388 0
hs1 107148621 109996324 0
hs1 198144959 203340938 0
hs1 145161746 148091313 0
hs1 153196290 156762928 0
hs1 3796402 6138344 0
hs1 233967817 236157529 0
hs1 10041256 10043331 0
