hs1 82181467 84744388 0
hs1 161657492 163818395 0
hs1 27405915 28943089 0
hs1 190951898 192426775 0
hs1 56445772 58287634 0
hs1 46417 2229959 0
hs1 171713129 173245862 0
hs1 233967791 234714832 0
hs1 233967767 242625404 0
hs1 160220038 162594087 0
hs1 151464105 152618263 0
hs1 51945137 54776349 0
hs1 38946964 40201703 0
hs1 19807164 24148599 0
hs1 189381069 189382772 0
hs1 120065309 120313900 0
hs1 70903005 70903705 0
hs1 240286873 245461840 0
hs1 141732710 142186138 0
hs1 99936384 101180203 0
hs1 229319979 229320739 0
hs1 114880117 114882619 0
hs1 6559849 11006840 0
hs1 173240356 178672586 0
hs1 221803376 225749596 0
hs1 220908774 221244799 0
hs1 555410 803501 0
hs1 169505209 169576914 0
hs1 94164753 96686743 0
hs1 31732528 32157853 0
hs1 169505621 178205353 0
hs1 91262031 94541389 0
hs1 145020195 145143195 0
hs1 39799068 41770599 0
hs1 15425443 16885351 0
hs1 187367873 187369126 0
hs1 109106638 109392540 0
hs1 195924445 197624479 0
hs1 214440978 216090623 0
