hs1 31732479 32571815 0
hs1 195924443 197624496 0
hs1 164511301 169829273 0
hs1 177691611 180418901 0
hs1 240286986 242625630 0
hs1 39229504 39244157 0
hs1 70903012 71977190 0
hs1 204768849 210292009 0
hs1 15991859 16956250 0
hs1 156760083 161016618 0
hs1 209900081 212723455 0
hs1 218865639 220909950 0
hs1 6530524 8877257 0
hs1 62688924 63500967 0
hs1 101178807 103915536 0
hs1 83791560 84744409 0
hs1 42694819 45006003 0
hs1 234713013 235050527 0
hs1 225747351 229320739 0
hs1 53232819 53235300 0
hs1 40200780 43860314 0
hs1 54775107 56446805 0
