hs1 205562868 207474287 0
hs1 96685010 96686770 0
hs1 31732510 34078463 0
hs1 170570470 174093141 0
hs1 82718 2325031 0
hs1 173352695 180637259 0
hs1 222745648 226353533 0
hs1 195924461 198146947 0
hs1 70157754 72540174 0
hs1 106040894 106042204 0
hs1 209098092 209448269 0
hs1 178204339 185951717 0
hs1 239149554 241317214 0
hs1 213616412 218495164 0
hs1 56445772 58287632 0
hs1 53232983 54776339 0
hs1 6437119 8877250 0
hs1 113793804 115826656 0
hs1 91262019 96686763 0
hs1 205887362 205936660 0
hs1 15991806 18835475 0
hs1 192424656 197624513 0
hs1 92311819 92885802 0
hs1 67897825 77368005 0
hs1 72512813 72540164 0
hs1 183704928 184544438 0
hs1 113033076 116748138 0
hs1 211909678 217846874 0
hs1 164897026 164984643 0
hs1 155956977 163676190 0
hs1 189103192 192554986 0
hs1 20725064 21631299 0
hs1 243352994 245461840 0
hs1 156815047 160734765 0
hs1 166776342 166815323 0
hs1 217847891 225762708 0
hs1 239149552 245462050 0
