hs1 64026901 64082022 0
hs1 96349 2929245 0
hs1 178670541 183061211 0
hs1 231491177 236722662 0
hs1 178670512 180572274 0
hs1 40200759 40201712 0
hs1 36092457 37198578 0
hs1 61326406 64081996 0
hs1 198449312 202193810 0
hs1 212722117 213111903 0
hs1 26671565 27525622 0
hs1 89220308 89222241 0
hs1 220908793 222291792 0
hs1 151464106 156663048 0
hs1 240223120 241274045 0
hs1 68480699 73343633 0
hs1 103913714 106237664 0
hs1 68480703 68481370 0
hs1 114812356 115911081 0
hs1 120065309 120088293 0
hs1 51395694 51946531 0
hs1 82145287 82229417 0
hs1 32276736 32641441 0
hs1 222118042 222196256 0
hs1 231491194 231491860 0
