hs1 0 999999 0.2778,0.2222,0.0000,0.0000,0.0000,0.0556,0.1667,0.2222,0.0000,0.0000,0.0000,0.0000,0.0000,0.0000,0.0000,0.0000,0.0556,0.0000,0.0000
hs1 1000000 1999999 0.0000,0.0000,0.0000,1.0000,0.0000,0.0000,0.0000,0.0000,0.0000,0.0000,0.0000,0.0000,0.0000,0.0000,0.0000,0.0000,0.0000,0.0000,0.0000
hs1 2000000 2999999 0.0667,0.0667,0.0667,0.1333,0.0667,0.0000,0.0667,0.1333,0.0667,0.0000,0.0667,0.0000,0.1333,0.0000,0.0000,0.1333,0.0000,0.0000,0.0000
hs1 3000000 3999999 0.0000,0.2000,0.2000,0.0000,0.0000,0.0000,0.4000,0.0000,0.0000,0.0000,0.2000,0.0000,0.0000,0.0000,0.0000,0.0000,0.0000,0.0000,0.0000
hs1 4000000 4999999 0.0000,0.0000,0.0000,0.4000,0.0000,0.2000,0.0000,0.0000,0.0000,0.0000,0.2000,0.0000,0.0000,0.0000,0.2000,0.0000,0.0000,0.0000,0.0000
hs1 5000000 5999999 0.0000,0.0000,0.4667,0.0000,0.5333,0.0000,0.0000,0.0000,0.0000,0.0000,0.0000,0.0000,0.0000,0.0000,0.0000,0.0000,0.0000,0.0000,0.0000
hs1 6000000 6999999 0.0625,0.0625,0.0000,0.0625,0.1250,0.2500,0.0000,0.0000,0.0000,0.0000,0.1250,0.0000,0.0625,0.0000,0.0625,0.0000,0.1250,0.0000,0.0625
hs1 7000000 7999999 0.0000,0.2500,0.2500,0.2500,0.0000,0.0000,0.0000,0.0000,0.0000,0.0000,0.0000,0.0000,0.0000,0.0000,0.0000,0.0000,0.0000,0.0000,0.2500
hs1 8000000 8999999 0.1000,0.0500,0.1000,0.0000,0.1000,0.0000,0.0000,0.0500,0.1000,0.0000,0.0000,0.0000,0.1000,0.0500,0.0500,0.0500,0.1000,0.1500,0.0000
hs1 10000000 10999999 0.0000,0.1250,0.1250,0.0000,0.0000,0.0000,0.1250,0.1250,0.0000,0.0000,0.2500,0.1250,0.0000,0.0000,0.0000,0.0000,0.0000,0.0000,0.1250
hs1 11000000 11999999 0.0000,0.0714,0.0714,0.1429,0.0714,0.1429,0.0000,0.0000,0.0714,0.0714,0.0000,0.0714,0.0000,0.0000,0.1429,0.1429,0.0000,0.0000,0.0000
hs1 12000000 12999999 0.0000,0.0000,0.0000,0.7000,0.0000,0.1000,0.0000,0.0000,0.0000,0.0000,0.0000,0.0000,0.0000,0.1000,0.1000,0.0000,0.0000,0.0000,0.0000
hs1 13000000 13999999 0.0000,0.0000,0.0000,0.6000,0.0000,0.1000,0.0000,0.0000,0.0000,0.0000,0.0000,0.0000,0.0000,0.1000,0.1000,0.1000,0.0000,0.0000,0.0000
hs1 14000000 14999999 0.0000,0.0000,0.0000,1.0000,0.0000,0.0000,0.0000,0.0000,0.0000,0.0000,0.0000,0.0000,0.0000,0.0000,0.0000,0.0000,0.0000,0.0000,0.0000
hs1 15000000 15999999 0.1053,0.1053,0.0526,0.2632,0.0000,0.0000,0.0526,0.0000,0.0000,0.2105,0.0526,0.0000,0.0000,0.0000,0.0526,0.0526,0.0526,0.0000,0.0000
hs1 16000000 16999999 0.0000,0.0526,0.1579,0.3684,0.0526,0.0000,0.0526,0.0526,0.1053,0.0000,0.0000,0.0000,0.0000,0.0000,0.0000,0.0000,0.1053,0.0526,0.0000
hs1 17000000 17999999 0.0000,0.0000,1.0000,0.0000,0.0000,0.0000,0.0000,0.0000,0.0000,0.0000,0.0000,0.0000,0.0000,0.0000,0.0000,0.0000,0.0000,0.0000,0.0000
hs1 18000000 18999999 0.3333,0.0000,0.0000,0.6667,0.0000,0.0000,0.0000,0.0000,0.0000,0.0000,0.0000,0.0000,0.0000,0.0000,0.0000,0.0000,0.0000,0.0000,0.0000
hs1 19000000 19999999 0.0000,0.1176,0.1765,0.1765,0.0000,0.0000,0.0000,0.0000,0.0588,0.0000,0.0000,0.1176,0.0588,0.0588,0.0588,0.0588,0.0588,0.0588,0.0000
hs1 20000000 20999999 0.0769,0.0769,0.1538,0.0769,0.0769,0.0769,0.1538,0.0000,0.0000,0.0000,0.0769,0.0000,0.1538,0.0000,0.0000,0.0000,0.0000,0.0769,0.0000
hs1 21000000 21999999 0.2857,0.0000,0.2857,0.0000,0.0000,0.0000,0.0000,0.0000,0.0000,0.0000,0.1429,0.0000,0.0000,0.0000,0.0000,0.0000,0.1429,0.1429,0.0000
hs1 22000000 22999999 0.0000,0.0909,0.0909,0.2727,0.0909,0.0000,0.1818,0.0000,0.0909,0.0000,0.0000,0.0000,0.0000,0.0000,0.0909,0.0000,0.0909,0.0000,0.0000
hs1 23000000 23999999 0.1111,0.1111,0.1111,0.0000,0.1111,0.0000,0.1111,0.0000,0.0000,0.0000,0.1111,0.1111,0.1111,0.0000,0.0000,0.1111,0.0000,0.0000,0.0000
hs1 24000000 24999999 0.0000,0.0556,0.0000,0.1111,0.0000,0.0556,0.0556,0.0000,0.0000,0.0000,0.1111,0.1667,0.1667,0.1111,0.0000,0.1111,0.0000,0.0000,0.0556
hs1 25000000 25999999 0.0000,0.0000,0.5000,0.5000,0.0000,0.0000,0.0000,0.0000,0.0000,0.0000,0.0000,0.0000,0.0000,0.0000,0.0000,0.0000,0.0000,0.0000,0.0000
hs1 26000000 26999999 0.0000,0.0000,0.0000,0.0000,0.0000,0.0000,0.0000,0.2500,0.0000,0.0000,0.0000,0.0000,0.0000,0.2500,0.0000,0.2500,0.2500,0.0000,0.0000
hs1 27000000 27999999 0.0000,0.0625,0.1250,0.0625,0.0625,0.1250,0.0000,0.1875,0.0625,0.0000,0.0625,0.0000,0.0625,0.0625,0.0000,0.0000,0.0000,0.1250,0.0000
hs1 28000000 28999999 0.1111,0.2222,0.1111,0.0000,0.0000,0.2222,0.2222,0.0000,0.0000,0.0000,0.0000,0.1111,0.0000,0.0000,0.0000,0.0000,0.0000,0.0000,0.0000
hs1 29000000 29999999 0.0000,0.0000,0.0000,1.0000,0.0000,0.0000,0.0000,0.0000,0.0000,0.0000,0.0000,0.0000,0.0000,0.0000,0.0000,0.0000,0.0000,0.0000,0.0000
hs1 30000000 30999999 0.0000,0.0000,0.0000,1.0000,0.0000,0.0000,0.0000,0.0000,0.0000,0.0000,0.0000,0.0000,0.0000,0.0000,0.0000,0.0000,0.0000,0.0000,0.0000
hs1 31000000 31999999 0.1667,0.0556,0.0000,0.0556,0.0556,0.0000,0.1111,0.0000,0.1111,0.0000,0.0000,0.0000,0.0000,0.0000,0.0556,0.0556,0.0556,0.0556,0.2222
hs1 32000000 32999999 0.0000,0.0500,0.1000,0.0500,0.0000,0.0000,0.0500,0.1000,0.0000,0.0500,0.1500,0.0500,0.1000,0.0000,0.1500,0.0000,0.1000,0.0500,0.0000
hs1 34000000 34999999 0.2000,0.0000,0.1000,0.2000,0.0000,0.1000,0.0000,0.1000,0.0000,0.0000,0.1000,0.0000,0.0000,0.1000,0.1000,0.0000,0.0000,0.0000,0.0000
hs1 35000000 35999999 0.1000,0.1000,0.0000,0.2000,0.2000,0.1000,0.1000,0.0000,0.0000,0.0000,0.0000,0.0000,0.0000,0.1000,0.0000,0.0000,0.0000,0.1000,0.0000
hs1 36000000 36999999 0.0000,0.0000,0.0000,0.1429,0.0000,0.2143,0.1429,0.0714,0.0000,0.0000,0.0000,0.1429,0.0000,0.0000,0.1429,0.0714,0.0000,0.0000,0.0714
hs1 37000000 37999999 0.0000,0.0000,0.0000,0.0000,0.0000,0.0000,0.1667,0.3333,0.0000,0.0000,0.1667,0.1667,0.0000,0.0000,0.0000,0.0000,0.0000,0.0000,0.1667
hs1 38000000 38999999 0.1667,0.1667,0.1667,0.0000,0.0000,0.1667,0.1667,0.0000,0.0000,0.0000,0.0000,0.1667,0.0000,0.0000,0.0000,0.0000,0.0000,0.0000,0.0000
hs1 39000000 39999999 0.0667,0.0667,0.0000,0.1333,0.0000,0.0667,0.0000,0.0000,0.0000,0.0000,0.3333,0.0000,0.0000,0.1333,0.0000,0.0667,0.1333,0.0000,0.0000
hs1 40000000 40999999 0.0000,0.0556,0.0000,0.1111,0.0556,0.0556,0.0000,0.1667,0.0556,0.0000,0.0000,0.1667,0.0556,0.1111,0.0000,0.0556,0.0556,0.0556,0.0000
hs1 41000000 41999999 0.0000,0.3333,0.0000,0.0000,0.0000,0.0000,0.0000,0.0000,0.0000,0.0000,0.3333,0.3333,0.0000,0.0000,0.0000,0.0000,0.0000,0.0000,0.0000
hs1 42000000 42999999 0.0833,0.0000,0.0000,0.0833,0.0000,0.1667,0.0833,0.0000,0.0000,0.0000,0.1667,0.0000,0.0833,0.0000,0.0000,0.0833,0.1667,0.0000,0.0833
hs1 43000000 43999999 0.0000,0.0000,0.0000,0.0000,0.1250,0.2500,0.0000,0.0000,0.0000,0.0000,0.2500,0.0000,0.0000,0.0000,0.0000,0.1250,0.2500,0.0000,0.0000
hs1 44000000 44999999 0.0000,0.0000,0.1000,0.1000,0.1000,0.0000,0.2000,0.0000,0.0000,0.0000,0.1000,0.1000,0.0000,0.1000,0.1000,0.0000,0.1000,0.0000,0.0000
hs1 45000000 45999999 0.0714,0.0714,0.0000,0.0714,0.0714,0.0000,0.0714,0.0000,0.0714,0.0000,0.0000,0.0714,0.1429,0.2143,0.0714,0.0000,0.0714,0.0000,0.0000
hs1 46000000 46999999 0.0000,0.0000,0.0000,0.0000,0.0000,0.0000,0.5000,0.5000,0.0000,0.0000,0.0000,0.0000,0.0000,0.0000,0.0000,0.0000,0.0000,0.0000,0.0000
hs1 47000000 47999999 0.0000,0.0000,0.0000,0.8333,0.0000,0.0000,0.0000,0.0000,0.0000,0.0000,0.0000,0.1111,0.0556,0.0000,0.0000,0.0000,0.0000,0.0000,0.0000
hs1 48000000 48999999 0.0526,0.0000,0.0000,0.8947,0.0000,0.0000,0.0000,0.0000,0.0000,0.0000,0.0000,0.0526,0.0000,0.0000,0.0000,0.0000,0.0000,0.0000,0.0000
hs1 49000000 49999999 0.0000,0.0000,0.0000,1.0000,0.0000,0.0000,0.0000,0.0000,0.0000,0.0000,0.0000,0.0000,0.0000,0.0000,0.0000,0.0000,0.0000,0.0000,0.0000
hs1 51000000 51999999 0.0000,0.1000,0.1000,0.1000,0.1500,0.0500,0.0500,0.2000,0.0000,0.0000,0.1500,0.0000,0.0000,0.0500,0.0500,0.0000,0.0000,0.0000,0.0000
hs1 52000000 52999999 0.0000,0.0000,0.0000,0.0000,0.0000,0.1667,0.1667,0.0000,0.0000,0.1667,0.0000,0.1667,0.1667,0.1667,0.0000,0.0000,0.0000,0.0000,0.0000
hs1 53000000 53999999 0.0714,0.0714,0.0000,0.0714,0.0714,0.0714,0.0714,0.0714,0.0000,0.0000,0.0000,0.0714,0.2143,0.0000,0.0000,0.0000,0.1429,0.0714,0.0000
hs1 54000000 54999999 0.1111,0.1111,0.0556,0.0556,0.0000,0.0556,0.0000,0.0000,0.1111,0.0000,0.0000,0.0000,0.1111,0.0556,0.1111,0.0556,0.0556,0.0556,0.0556
hs1 55000000 55999999 0.0000,0.0000,0.0000,0.0000,0.5000,0.0000,0.0000,0.5000,0.0000,0.0000,0.0000,0.0000,0.0000,0.0000,0.0000,0.0000,0.0000,0.0000,0.0000
hs1 56000000 56999999 0.0500,0.0500,0.0500,0.1500,0.1000,0.0000,0.0000,0.0500,0.0500,0.0500,0.1000,0.0500,0.0000,0.0000,0.0000,0.1000,0.1000,0.1000,0.0000
hs1 58000000 58999999 0.1053,0.1053,0.0000,0.1053,0.0000,0.1053,0.0000,0.0000,0.1053,0.0000,0.0000,0.0000,0.1053,0.0526,0.1053,0.0000,0.0526,0.0526,0.1053
hs1 59000000 59999999 0.0000,0.0000,0.0000,0.0000,0.0000,0.0000,0.0000,0.0000,0.0000,0.0000,0.0000,0.0000,0.0000,0.0000,1.0000,0.0000,0.0000,0.0000,0.0000
hs1 60000000 60999999 0.0000,0.0000,0.0000,1.0000,0.0000,0.0000,0.0000,0.0000,0.0000,0.0000,0.0000,0.0000,0.0000,0.0000,0.0000,0.0000,0.0000,0.0000,0.0000
hs1 61000000 61999999 0.0000,0.0000,0.0000,0.4000,0.0000,0.2000,0.0000,0.2000,0.0000,0.2000,0.0000,0.0000,0.0000,0.0000,0.0000,0.0000,0.0000,0.0000,0.0000
hs1 62000000 62999999 0.0000,0.0000,0.1250,0.0000,0.0000,0.0000,0.0000,0.0000,0.0000,0.0000,0.1250,0.1250,0.0000,0.1250,0.2500,0.0000,0.1250,0.0000,0.1250
hs1 63000000 63999999 0.0833,0.1667,0.0833,0.0833,0.0000,0.0000,0.0000,0.0000,0.0833,0.1667,0.1667,0.0000,0.0833,0.0000,0.0000,0.0000,0.0833,0.0000,0.0000
hs1 64000000 64999999 0.0588,0.0588,0.0588,0.0000,0.0000,0.0588,0.0000,0.1765,0.0000,0.0588,0.0588,0.0588,0.0588,0.1176,0.0588,0.0000,0.0000,0.1176,0.0588
hs1 65000000 65999999 0.0000,0.0000,0.3333,0.0000,0.3333,0.3333,0.0000,0.0000,0.0000,0.0000,0.0000,0.0000,0.0000,0.0000,0.0000,0.0000,0.0000,0.0000,0.0000
hs1 67000000 67999999 0.1000,0.0500,0.1000,0.1500,0.0500,0.1500,0.1000,0.0000,0.1000,0.0000,0.0000,0.0500,0.0000,0.0500,0.0500,0.0000,0.0000,0.0000,0.0500
hs1 68000000 68999999 0.0000,0.0000,0.1053,0.1053,0.0526,0.1053,0.1053,0.2632,0.1053,0.0000,0.0000,0.0526,0.0000,0.0000,0.0000,0.0000,0.0000,0.0000,0.1053
hs1 69000000 69999999 0.0000,0.0000,1.0000,0.0000,0.0000,0.0000,0.0000,0.0000,0.0000,0.0000,0.0000,0.0000,0.0000,0.0000,0.0000,0.0000,0.0000,0.0000,0.0000
hs1 70000000 70999999 0.1429,0.2143,0.0000,0.0714,0.0000,0.0000,0.0000,0.0714,0.1429,0.0714,0.0714,0.0000,0.0000,0.0000,0.0714,0.0000,0.1429,0.0000,0.0000
hs1 71000000 71999999 0.0000,0.0000,0.3333,0.1667,0.1667,0.0000,0.0000,0.0000,0.0000,0.0000,0.0000,0.0000,0.0000,0.1667,0.0000,0.0000,0.1667,0.0000,0.0000
hs1 72000000 72999999 0.3333,0.0000,0.2222,0.0000,0.1111,0.0000,0.1111,0.0000,0.0000,0.0000,0.0000,0.0000,0.1111,0.0000,0.1111,0.0000,0.0000,0.0000,0.0000
hs1 73000000 73999999 0.0909,0.0000,0.0909,0.0909,0.0000,0.0000,0.0909,0.0909,0.0000,0.0000,0.0000,0.0000,0.0000,0.0000,0.5455,0.0000,0.0000,0.0000,0.0000
hs1 74000000 74999999 0.0000,0.0000,1.0000,0.0000,0.0000,0.0000,0.0000,0.0000,0.0000,0.0000,0.0000,0.0000,0.0000,0.0000,0.0000,0.0000,0.0000,0.0000,0.0000
hs1 75000000 75999999 0.1667,0.0556,0.1111,0.0556,0.1667,0.0000,0.0000,0.0556,0.0556,0.0000,0.0000,0.2222,0.0556,0.0000,0.0000,0.0000,0.0000,0.0556,0.0000
hs1 76000000 76999999 0.0000,0.0000,0.1250,0.0000,0.0000,0.1250,0.0000,0.0000,0.1250,0.2500,0.0000,0.0000,0.1250,0.1250,0.0000,0.0000,0.0000,0.1250,0.0000
hs1 77000000 77999999 0.0833,0.0000,0.0833,0.0833,0.0833,0.0000,0.1667,0.0000,0.0000,0.0000,0.0833,0.0833,0.0833,0.0000,0.0000,0.1667,0.0000,0.0833,0.0000
hs1 78000000 78999999 0.0625,0.0625,0.0000,0.0625,0.0625,0.0000,0.0000,0.1250,0.0000,0.0000,0.1875,0.0625,0.1250,0.0000,0.0625,0.1250,0.0625,0.0000,0.0000
hs1 79000000 79999999 0.0000,0.0000,0.5000,0.0000,0.0000,0.0000,0.0000,0.0000,0.0000,0.0000,0.2500,0.0000,0.0000,0.0000,0.0000,0.0000,0.0000,0.0000,0.2500
hs1 80000000 80999999 0.0769,0.0769,0.0769,0.0000,0.0000,0.1538,0.0000,0.0000,0.0769,0.0000,0.0000,0.0000,0.1538,0.0769,0.1538,0.0000,0.0000,0.0769,0.0769
hs1 81000000 81999999 0.1429,0.0000,0.0000,0.1429,0.0000,0.0000,0.1429,0.0000,0.1429,0.0000,0.0000,0.0000,0.0000,0.0000,0.1429,0.2857,0.0000,0.0000,0.0000
hs1 82000000 82999999 0.0000,0.0667,0.1333,0.0000,0.4667,0.0000,0.0667,0.2000,0.0000,0.0000,0.0000,0.0000,0.0000,0.0667,0.0000,0.0000,0.0000,0.0000,0.0000
hs1 83000000 83999999 0.0000,0.0000,0.4000,0.0000,0.0000,0.2000,0.0000,0.0000,0.0000,0.0000,0.0000,0.0000,0.0000,0.2000,0.0000,0.0000,0.2000,0.0000,0.0000
hs1 84000000 84999999 0.0833,0.1667,0.0833,0.0000,0.0000,0.0833,0.0833,0.0000,0.0000,0.0000,0.0000,0.0000,0.0833,0.0833,0.1667,0.0833,0.0833,0.0000,0.0000
hs1 85000000 85999999 0.2500,0.0000,0.2500,0.1250,0.0000,0.0000,0.0000,0.0000,0.0000,0.1250,0.0000,0.0000,0.1250,0.0000,0.0000,0.0000,0.0000,0.0000,0.1250
hs1 86000000 86999999 0.0000,0.0000,0.6000,0.0000,0.0000,0.0000,0.0000,0.0667,0.0000,0.0000,0.0667,0.1333,0.0000,0.0000,0.0667,0.0000,0.0000,0.0667,0.0000
hs1 87000000 87999999 0.0000,0.0000,0.0000,0.0000,0.6000,0.0000,0.2000,0.0000,0.0000,0.0000,0.0000,0.2000,0.0000,0.0000,0.0000,0.0000,0.0000,0.0000,0.0000
hs1 88000000 88999999 0.0000,0.0000,1.0000,0.0000,0.0000,0.0000,0.0000,0.0000,0.0000,0.0000,0.0000,0.0000,0.0000,0.0000,0.0000,0.0000,0.0000,0.0000,0.0000
hs1 89000000 89999999 0.0000,0.0000,0.3684,0.0526,0.3684,0.0526,0.0000,0.1053,0.0000,0.0000,0.0000,0.0000,0.0000,0.0526,0.0000,0.0000,0.0000,0.0000,0.0000
hs1 90000000 90999999 0.0000,0.0000,0.0000,0.0000,0.5000,0.0000,0.0000,0.0000,0.0000,0.0000,0.0000,0.0000,0.5000,0.0000,0.0000,0.0000,0.0000,0.0000,0.0000
hs1 91000000 91999999 0.0556,0.0556,0.0000,0.0000,0.1111,0.1111,0.1111,0.0000,0.0556,0.0556,0.0000,0.0556,0.0556,0.0556,0.1111,0.0000,0.0556,0.0556,0.0556
hs1 92000000 92999999 0.2105,0.0526,0.1053,0.1579,0.0526,0.0000,0.0526,0.0000,0.0000,0.0000,0.0526,0.0526,0.0526,0.0526,0.0000,0.0526,0.0526,0.0526,0.0000
hs1 93000000 93999999 0.0000,0.0000,0.0000,0.0000,0.0000,0.0000,0.0000,0.0000,1.0000,0.0000,0.0000,0.0000,0.0000,0.0000,0.0000,0.0000,0.0000,0.0000,0.0000
hs1 94000000 94999999 0.0556,0.1667,0.1111,0.1111,0.0556,0.1111,0.0556,0.0000,0.0556,0.0000,0.1111,0.0000,0.0000,0.0556,0.0556,0.0000,0.0000,0.0556,0.0000
hs1 95000000 95999999 0.0000,0.0000,0.0000,0.0000,0.5000,0.0000,0.0000,0.0000,0.0000,0.0000,0.0000,0.0000,0.5000,0.0000,0.0000,0.0000,0.0000,0.0000,0.0000
hs1 96000000 96999999 0.2500,0.0500,0.0000,0.0500,0.0500,0.0000,0.1000,0.0000,0.1000,0.0000,0.0000,0.0000,0.0000,0.0000,0.0500,0.0500,0.0500,0.0500,0.2000
hs1 98000000 98999999 0.0000,0.0000,0.0000,0.0000,0.0000,0.0000,0.0000,0.0000,0.0000,0.0000,0.0000,0.0000,0.0000,0.0000,1.0000,0.0000,0.0000,0.0000,0.0000
hs1 99000000 99999999 0.1053,0.0526,0.1579,0.1053,0.0000,0.0526,0.0000,0.0000,0.0526,0.0526,0.0000,0.0526,0.1053,0.1053,0.0526,0.0000,0.0000,0.0526,0.0526
hs1 100000000 100999999 0.0000,0.0000,0.0000,0.0000,0.0000,0.0000,0.0000,0.0000,0.0000,0.0000,0.0000,0.0000,0.0000,0.0000,0.0000,0.0000,0.0000,1.0000,0.0000
hs1 101000000 101999999 0.1579,0.1053,0.0000,0.1053,0.0000,0.0526,0.0000,0.0000,0.1053,0.0526,0.0000,0.0000,0.1053,0.0526,0.1053,0.0000,0.0526,0.0526,0.0526
hs1 103000000 103999999 0.0000,0.0000,0.5238,0.0476,0.0000,0.0476,0.0476,0.0476,0.0000,0.0476,0.0952,0.0000,0.0476,0.0000,0.0000,0.0476,0.0476,0.0000,0.0000
hs1 104000000 104999999 0.0000,0.0000,0.9524,0.0476,0.0000,0.0000,0.0000,0.0000,0.0000,0.0000,0.0000,0.0000,0.0000,0.0000,0.0000,0.0000,0.0000,0.0000,0.0000
hs1 106000000 106999999 0.1818,0.0000,0.0909,0.0000,0.0909,0.0000,0.0000,0.1818,0.0909,0.0909,0.0000,0.0000,0.0909,0.0000,0.0000,0.0000,0.0000,0.1818,0.0000
hs1 107000000 107999999 0.2222,0.1111,0.1111,0.0000,0.2222,0.0000,0.0000,0.0000,0.1111,0.0000,0.2222,0.0000,0.0000,0.0000,0.0000,0.0000,0.0000,0.0000,0.0000
hs1 108000000 108999999 0.0000,0.0000,0.2500,0.0000,0.0000,0.0000,0.2500,0.0000,0.0000,0.2500,0.0000,0.0000,0.0000,0.0000,0.0000,0.0000,0.0000,0.2500,0.0000
hs1 109000000 109999999 0.0000,0.1250,0.0000,0.0000,0.1875,0.0625,0.0625,0.0000,0.1250,0.0000,0.1250,0.0000,0.0625,0.0000,0.1250,0.0000,0.1250,0.0000,0.0000
hs1 110000000 110999999 0.0000,0.0000,0.9231,0.0000,0.0000,0.0000,0.0000,0.0000,0.0000,0.0000,0.0000,0.0769,0.0000,0.0000,0.0000,0.0000,0.0000,0.0000,0.0000
hs1 111000000 111999999 0.0000,0.0000,0.5714,0.0000,0.0000,0.0000,0.0000,0.0000,0.0000,0.0000,0.0000,0.0000,0.1429,0.2857,0.0000,0.0000,0.0000,0.0000,0.0000
hs1 112000000 112999999 0.2500,0.0000,0.0000,0.0000,0.0000,0.0000,0.2500,0.0000,0.2500,0.0000,0.0000,0.0000,0.0000,0.0000,0.0000,0.0000,0.0000,0.0000,0.2500
hs1 113000000 113999999 0.2105,0.0000,0.1579,0.1053,0.0000,0.0000,0.0526,0.0526,0.0526,0.0526,0.0526,0.0000,0.0000,0.0526,0.0526,0.1053,0.0000,0.0000,0.0526
hs1 114000000 114999999 0.0000,0.1538,0.0769,0.0000,0.1538,0.0000,0.0000,0.0769,0.1538,0.0000,0.0000,0.0769,0.0000,0.0000,0.0769,0.0769,0.0769,0.0769,0.0000
hs1 115000000 115999999 0.1429,0.0000,0.0000,0.0000,0.0000,0.1429,0.0000,0.1429,0.0000,0.1429,0.0000,0.1429,0.0000,0.1429,0.0000,0.0000,0.0000,0.1429,0.0000
hs1 116000000 116999999 0.1875,0.0625,0.0000,0.0625,0.0000,0.0625,0.0625,0.0000,0.1250,0.0000,0.0000,0.0000,0.1250,0.0625,0.1250,0.0000,0.0000,0.0625,0.0625
hs1 117000000 117999999 0.0000,0.0000,0.0000,0.5000,0.2500,0.0000,0.0000,0.0000,0.0000,0.0000,0.2500,0.0000,0.0000,0.0000,0.0000,0.0000,0.0000,0.0000,0.0000
hs1 118000000 118999999 0.0000,0.0000,0.0000,0.0000,0.0000,0.0000,0.0000,0.0000,0.0000,0.0000,0.0000,0.0000,0.0000,0.0000,0.0000,0.5000,0.0000,0.0000,0.5000
hs1 119000000 119999999 0.0000,0.0000,1.0000,0.0000,0.0000,0.0000,0.0000,0.0000,0.0000,0.0000,0.0000,0.0000,0.0000,0.0000,0.0000,0.0000,0.0000,0.0000,0.0000
hs1 120000000 120999999 0.1000,0.1000,0.2000,0.0000,0.0000,0.0000,0.1000,0.1500,0.0000,0.0000,0.0500,0.0000,0.1000,0.0500,0.0500,0.0000,0.0500,0.0500,0.0000
hs1 121000000 121999999 0.0000,0.0000,0.0000,0.0000,0.0000,0.0000,0.0000,0.0000,0.0000,0.0000,0.0000,0.0000,1.0000,0.0000,0.0000,0.0000,0.0000,0.0000,0.0000
hs1 141000000 141999999 0.0500,0.0500,0.1000,0.0000,0.0500,0.1500,0.0500,0.0500,0.0500,0.0000,0.0000,0.0000,0.3500,0.0000,0.0000,0.1000,0.0000,0.0000,0.0000
hs1 142000000 142999999 0.1000,0.2000,0.0000,0.0000,0.0000,0.4000,0.0000,0.0000,0.0000,0.0000,0.0000,0.0000,0.1000,0.0000,0.1000,0.1000,0.0000,0.0000,0.0000
hs1 143000000 143999999 0.0000,0.0000,0.2000,0.0000,0.0000,0.0000,0.0000,0.0000,0.0000,0.1000,0.0000,0.1000,0.2000,0.3000,0.0000,0.1000,0.0000,0.0000,0.0000
hs1 144000000 144999999 0.0000,0.0000,0.6000,0.0000,0.1000,0.0000,0.0000,0.0000,0.0000,0.1000,0.0000,0.0000,0.0000,0.0000,0.0000,0.2000,0.0000,0.0000,0.0000
hs1 145000000 145999999 0.0000,0.2727,0.1818,0.0000,0.0000,0.0000,0.0909,0.0000,0.1818,0.0000,0.0909,0.0000,0.0000,0.0000,0.0909,0.0909,0.0000,0.0000,0.0000
hs1 146000000 146999999 0.0000,0.0000,0.2222,0.0000,0.1111,0.1111,0.0000,0.0000,0.0000,0.1111,0.0000,0.0000,0.4444,0.0000,0.0000,0.0000,0.0000,0.0000,0.0000
hs1 147000000 147999999 0.0909,0.0000,0.2727,0.0000,0.2727,0.0000,0.0000,0.0000,0.0000,0.0000,0.0000,0.0000,0.1818,0.0000,0.1818,0.0000,0.0000,0.0000,0.0000
hs1 148000000 148999999 0.1333,0.0000,0.0667,0.0000,0.0000,0.0000,0.0000,0.0000,0.0000,0.0000,0.1333,0.0000,0.5333,0.0000,0.0667,0.0000,0.0667,0.0000,0.0000
hs1 149000000 149999999 0.0000,0.0000,0.4000,0.0000,0.0000,0.0000,0.0000,0.0000,0.2000,0.0000,0.0000,0.2000,0.0000,0.0000,0.2000,0.0000,0.0000,0.0000,0.0000
hs1 150000000 150999999 0.0000,0.0000,0.8667,0.0000,0.0000,0.0000,0.0667,0.0000,0.0000,0.0000,0.0000,0.0000,0.0000,0.0000,0.0667,0.0000,0.0000,0.0000,0.0000
hs1 151000000 151999999 0.0000,0.2000,0.0000,0.0000,0.0000,0.0000,0.0000,0.2000,0.0000,0.0000,0.0000,0.0000,0.2000,0.0000,0.0000,0.0000,0.0000,0.2000,0.2000
hs1 152000000 152999999 0.0000,0.2000,0.2000,0.1000,0.0000,0.0000,0.0000,0.0000,0.0000,0.1000,0.1000,0.1000,0.0000,0.1000,0.0000,0.0000,0.1000,0.0000,0.0000
hs1 153000000 153999999 0.0000,0.0000,0.5000,0.0000,0.0000,0.0000,0.0000,0.0000,0.0000,0.1000,0.1000,0.0000,0.1000,0.0000,0.0000,0.0000,0.1000,0.1000,0.0000
hs1 154000000 154999999 0.0000,0.0000,0.5000,0.1000,0.0000,0.1000,0.1000,0.1000,0.0000,0.0000,0.1000,0.0000,0.0000,0.0000,0.0000,0.0000,0.0000,0.0000,0.0000
hs1 155000000 155999999 0.1818,0.0909,0.0909,0.0909,0.0000,0.1818,0.0909,0.0000,0.0000,0.0000,0.0000,0.0000,0.0000,0.0000,0.0909,0.0909,0.0000,0.0000,0.0909
hs1 156000000 156999999 0.0769,0.0769,0.1538,0.0000,0.0000,0.0000,0.0000,0.1538,0.1538,0.0000,0.0769,0.0769,0.0769,0.0000,0.0769,0.0000,0.0769,0.0000,0.0000
hs1 157000000 157999999 1.0000,0.0000,0.0000,0.0000,0.0000,0.0000,0.0000,0.0000,0.0000,0.0000,0.0000,0.0000,0.0000,0.0000,0.0000,0.0000,0.0000,0.0000,0.0000
hs1 158000000 158999999 0.0000,0.0000,0.0000,0.0000,0.0000,0.0000,1.0000,0.0000,0.0000,0.0000,0.0000,0.0000,0.0000,0.0000,0.0000,0.0000,0.0000,0.0000,0.0000
hs1 159000000 159999999 0.2105,0.0000,0.1053,0.0000,0.0526,0.0526,0.0000,0.0000,0.0000,0.1053,0.0000,0.1053,0.0526,0.0000,0.0000,0.0000,0.3158,0.0000,0.0000
hs1 160000000 160999999 0.5000,0.0833,0.0000,0.0000,0.1667,0.0833,0.0000,0.0000,0.0000,0.0000,0.0000,0.0000,0.0000,0.0833,0.0000,0.0000,0.0833,0.0000,0.0000
hs1 161000000 161999999 0.1250,0.1250,0.0000,0.0000,0.0000,0.2500,0.0000,0.2500,0.0000,0.0000,0.0000,0.0000,0.0000,0.0000,0.0000,0.0000,0.1250,0.1250,0.0000
hs1 162000000 162999999 0.1250,0.0625,0.1250,0.1250,0.0000,0.0625,0.0000,0.0000,0.0000,0.0625,0.0000,0.0625,0.1250,0.0625,0.0625,0.0000,0.0000,0.0625,0.0625
hs1 163000000 163999999 0.2500,0.2500,0.0000,0.0000,0.0000,0.0000,0.0000,0.0000,0.0000,0.0000,0.0000,0.2500,0.0000,0.0000,0.0000,0.0000,0.0000,0.2500,0.0000
hs1 164000000 164999999 0.1176,0.0000,0.0000,0.0000,0.0000,0.0000,0.3529,0.0000,0.0588,0.1176,0.0588,0.0000,0.0588,0.0588,0.1176,0.0000,0.0588,0.0000,0.0000
hs1 165000000 165999999 0.0000,0.0000,0.0000,0.0000,0.3333,0.0000,0.0000,0.0000,0.0000,0.3333,0.0000,0.0000,0.0000,0.0000,0.0000,0.0000,0.0000,0.0000,0.3333
hs1 166000000 166999999 0.1111,0.0000,0.0000,0.0000,0.0000,0.0556,0.1111,0.0000,0.2222,0.1111,0.0556,0.0000,0.1111,0.0000,0.0556,0.0000,0.1111,0.0000,0.0556
hs1 167000000 167999999 0.0000,0.5000,0.5000,0.0000,0.0000,0.0000,0.0000,0.0000,0.0000,0.0000,0.0000,0.0000,0.0000,0.0000,0.0000,0.0000,0.0000,0.0000,0.0000
hs1 169000000 169999999 0.0500,0.1500,0.0000,0.3000,0.0500,0.0500,0.1000,0.0500,0.0000,0.0000,0.0500,0.0500,0.0000,0.0000,0.0500,0.0000,0.0500,0.0500,0.0000
hs1 170000000 170999999 0.4000,0.0000,0.0000,0.0000,0.0000,0.0000,0.2000,0.2000,0.2000,0.0000,0.0000,0.0000,0.0000,0.0000,0.0000,0.0000,0.0000,0.0000,0.0000
hs1 171000000 171999999 0.0667,0.1333,0.0000,0.0667,0.0667,0.0000,0.0000,0.0667,0.1333,0.0000,0.1333,0.0000,0.0667,0.2000,0.0667,0.0000,0.0000,0.0000,0.0000
hs1 172000000 172999999 0.0000,0.1429,0.0000,0.1429,0.0000,0.1429,0.0000,0.0000,0.0000,0.0000,0.1429,0.0000,0.1429,0.0000,0.0000,0.1429,0.0000,0.0000,0.1429
hs1 173000000 173999999 0.0769,0.2308,0.0000,0.0769,0.0000,0.0000,0.0000,0.0000,0.0000,0.0769,0.0769,0.0769,0.2308,0.0000,0.0000,0.0769,0.0769,0.0000,0.0000
hs1 174000000 174999999 0.1000,0.1000,0.1000,0.0000,0.0500,0.0500,0.1000,0.0000,0.0000,0.0500,0.0000,0.0500,0.0000,0.0500,0.0000,0.0500,0.0000,0.1500,0.1500
hs1 177000000 177999999 0.1000,0.1000,0.0500,0.1000,0.0500,0.0500,0.0000,0.0000,0.1000,0.0000,0.0000,0.0000,0.1000,0.0500,0.1000,0.0500,0.0500,0.0500,0.0500
hs1 178000000 178999999 0.1579,0.1579,0.1053,0.1053,0.0000,0.0526,0.0526,0.1579,0.0000,0.0526,0.1053,0.0000,0.0000,0.0000,0.0000,0.0000,0.0526,0.0000,0.0000
hs1 179000000 179999999 1.0000,0.0000,0.0000,0.0000,0.0000,0.0000,0.0000,0.0000,0.0000,0.0000,0.0000,0.0000,0.0000,0.0000,0.0000,0.0000,0.0000,0.0000,0.0000
hs1 180000000 180999999 0.1818,0.0000,0.0000,0.0000,0.0000,0.0000,0.1818,0.0909,0.0909,0.0000,0.0909,0.0000,0.0000,0.0000,0.0000,0.0909,0.0909,0.1818,0.0000
hs1 181000000 181999999 0.1111,0.0000,0.0000,0.0000,0.0000,0.0000,0.0000,0.1111,0.0000,0.0000,0.0000,0.2222,0.2222,0.0000,0.1111,0.1111,0.1111,0.0000,0.0000
hs1 183000000 183999999 0.2000,0.0500,0.0000,0.0000,0.2000,0.1000,0.1000,0.1000,0.0500,0.0000,0.0000,0.0000,0.0500,0.0500,0.0500,0.0000,0.0000,0.0500,0.0000
hs1 184000000 184999999 0.7500,0.0000,0.0000,0.0833,0.0000,0.0000,0.0833,0.0000,0.0000,0.0000,0.0000,0.0833,0.0000,0.0000,0.0000,0.0000,0.0000,0.0000,0.0000
hs1 185000000 185999999 0.1111,0.0000,0.0000,0.0000,0.0000,0.1111,0.1111,0.0000,0.0000,0.1111,0.0000,0.1111,0.3333,0.0000,0.0000,0.0000,0.1111,0.0000,0.0000
hs1 187000000 187999999 0.0000,0.1000,0.1000,0.1500,0.1000,0.0000,0.0500,0.0500,0.0000,0.0000,0.1000,0.1500,0.0000,0.0500,0.1000,0.0000,0.0000,0.0500,0.0000
hs1 188000000 188999999 0.0000,0.0000,0.0000,0.0000,0.0000,0.0000,0.0000,0.0000,0.0000,0.0000,0.0000,0.0000,1.0000,0.0000,0.0000,0.0000,0.0000,0.0000,0.0000
hs1 189000000 189999999 0.1579,0.1053,0.0000,0.1053,0.0000,0.0526,0.0000,0.0000,0.1053,0.0000,0.0000,0.0000,0.1053,0.0526,0.1053,0.0526,0.0526,0.0526,0.0526
hs1 190000000 190999999 0.0526,0.0526,0.0000,0.0526,0.0000,0.1053,0.0526,0.1053,0.0526,0.0000,0.0526,0.0000,0.0526,0.1053,0.0000,0.2105,0.0526,0.0000,0.0526
hs1 191000000 191999999 0.0000,0.0000,0.0000,0.0000,0.0000,0.0000,0.0000,0.0000,0.0000,0.0000,1.0000,0.0000,0.0000,0.0000,0.0000,0.0000,0.0000,0.0000,0.0000
hs1 192000000 192999999 0.2500,0.0500,0.0000,0.0500,0.0500,0.0000,0.1000,0.0000,0.1000,0.0000,0.0000,0.0000,0.0000,0.0000,0.0500,0.0500,0.0500,0.0500,0.2000
hs1 194000000 194999999 1.0000,0.0000,0.0000,0.0000,0.0000,0.0000,0.0000,0.0000,0.0000,0.0000,0.0000,0.0000,0.0000,0.0000,0.0000,0.0000,0.0000,0.0000,0.0000
hs1 195000000 195999999 0.1667,0.0556,0.0000,0.0556,0.0556,0.0000,0.0556,0.0000,0.1111,0.0000,0.0000,0.0000,0.0000,0.0000,0.0556,0.0556,0.0556,0.1111,0.2222
hs1 196000000 196999999 1.0000,0.0000,0.0000,0.0000,0.0000,0.0000,0.0000,0.0000,0.0000,0.0000,0.0000,0.0000,0.0000,0.0000,0.0000,0.0000,0.0000,0.0000,0.0000
hs1 197000000 197999999 0.2105,0.0526,0.0000,0.0526,0.0526,0.0000,0.1053,0.0000,0.1053,0.0000,0.0000,0.0000,0.0000,0.0000,0.0526,0.0526,0.0526,0.0526,0.2105
hs1 198000000 198999999 0.0769,0.0000,0.1538,0.0000,0.0000,0.1538,0.0000,0.3077,0.0000,0.0000,0.1538,0.0000,0.0000,0.0000,0.0769,0.0000,0.0000,0.0000,0.0769
hs1 199000000 199999999 0.0000,0.0000,0.2857,0.1429,0.1429,0.0000,0.0000,0.0000,0.0000,0.0000,0.1429,0.0000,0.0000,0.1429,0.0000,0.1429,0.0000,0.0000,0.0000
hs1 200000000 200999999 0.0000,0.0000,0.0000,0.0000,0.0000,0.0000,0.0000,1.0000,0.0000,0.0000,0.0000,0.0000,0.0000,0.0000,0.0000,0.0000,0.0000,0.0000,0.0000
hs1 201000000 201999999 0.0526,0.0526,0.0000,0.0526,0.0000,0.1053,0.0000,0.0526,0.1053,0.0000,0.0526,0.0000,0.1579,0.0526,0.1053,0.0526,0.0526,0.0526,0.0526
hs1 202000000 202999999 0.0000,0.0909,0.1818,0.0000,0.0000,0.0909,0.0909,0.0909,0.0909,0.0909,0.0909,0.0000,0.0000,0.0000,0.0909,0.0909,0.0000,0.0000,0.0000
hs1 203000000 203999999 0.0000,0.0000,0.1111,0.0000,0.1111,0.0000,0.2222,0.0000,0.0000,0.0000,0.2222,0.1111,0.0000,0.0000,0.0000,0.1111,0.0000,0.1111,0.0000
hs1 204000000 204999999 0.1250,0.0000,0.0000,0.0000,0.0000,0.0000,0.1875,0.0000,0.1875,0.0000,0.0625,0.0625,0.1250,0.0000,0.0625,0.0000,0.1250,0.0000,0.0625
hs1 205000000 205999999 1.0000,0.0000,0.0000,0.0000,0.0000,0.0000,0.0000,0.0000,0.0000,0.0000,0.0000,0.0000,0.0000,0.0000,0.0000,0.0000,0.0000,0.0000,0.0000
hs1 206000000 206999999 0.0000,0.0000,0.0000,0.0000,0.0000,0.7500,0.0000,0.0000,0.0000,0.0000,0.0000,0.2500,0.0000,0.0000,0.0000,0.0000,0.0000,0.0000,0.0000
hs1 207000000 207999999 0.1250,0.0000,0.0000,0.0000,0.0625,0.0000,0.1250,0.1250,0.1250,0.0000,0.2500,0.0000,0.0000,0.0000,0.1250,0.0000,0.0625,0.0000,0.0000
hs1 208000000 208999999 0.0000,0.0000,0.0000,0.0000,0.0000,0.0000,0.2500,0.0000,0.0000,0.2500,0.0000,0.0000,0.0000,0.2500,0.2500,0.0000,0.0000,0.0000,0.0000
hs1 209000000 209999999 0.1250,0.0625,0.1250,0.0625,0.0625,0.0625,0.0625,0.0000,0.0000,0.0625,0.0000,0.0625,0.1875,0.0625,0.0000,0.0000,0.0625,0.0000,0.0000
hs1 210000000 210999999 0.0000,0.0000,0.0000,0.2778,0.0556,0.0556,0.0556,0.0000,0.1111,0.0556,0.1111,0.0000,0.0000,0.1111,0.0556,0.0000,0.0556,0.0000,0.0556
hs1 211000000 211999999 0.5000,0.0000,0.0000,0.0000,0.0000,0.0000,0.0000,0.0000,0.0000,0.0000,0.0000,0.0000,0.0000,0.0000,0.0000,0.0000,0.0000,0.5000,0.0000
hs1 212000000 212999999 0.2000,0.0000,0.0000,0.0000,0.0000,0.0000,0.0000,0.2000,0.0000,0.2000,0.0000,0.0000,0.0000,0.0000,0.2000,0.0000,0.2000,0.0000,0.0000
hs1 213000000 213999999 0.2000,0.0667,0.1333,0.1333,0.0667,0.0667,0.0000,0.0667,0.0000,0.0000,0.1333,0.0000,0.0000,0.0000,0.1333,0.0000,0.0000,0.0000,0.0000
hs1 214000000 214999999 0.1250,0.3125,0.0625,0.0000,0.0000,0.0000,0.0000,0.0000,0.0000,0.0000,0.0000,0.1875,0.0000,0.0625,0.0000,0.0625,0.0625,0.0625,0.0625
hs1 215000000 215999999 0.5000,0.2500,0.0000,0.0000,0.0000,0.0000,0.0000,0.0000,0.0000,0.0000,0.2500,0.0000,0.0000,0.0000,0.0000,0.0000,0.0000,0.0000,0.0000
hs1 216000000 216999999 0.0000,0.1667,0.0833,0.0000,0.0000,0.1667,0.0000,0.0833,0.0000,0.0000,0.2500,0.0833,0.0000,0.0833,0.0000,0.0000,0.0000,0.0000,0.0833
hs1 217000000 217999999 0.3750,0.0000,0.0000,0.0000,0.0000,0.1250,0.0000,0.0000,0.1250,0.1250,0.1250,0.0000,0.0000,0.0000,0.0000,0.1250,0.0000,0.0000,0.0000
hs1 218000000 218999999 0.0500,0.0000,0.0500,0.0500,0.1000,0.0500,0.0000,0.0000,0.0500,0.0000,0.0000,0.1000,0.0500,0.0500,0.0000,0.0500,0.1000,0.1500,0.1500
hs1 220000000 220999999 0.1111,0.0556,0.0556,0.0000,0.0000,0.1111,0.0556,0.0556,0.0000,0.0556,0.0556,0.0556,0.0556,0.0000,0.1667,0.0000,0.0556,0.1111,0.0000
hs1 221000000 221999999 0.0000,1.0000,0.0000,0.0000,0.0000,0.0000,0.0000,0.0000,0.0000,0.0000,0.0000,0.0000,0.0000,0.0000,0.0000,0.0000,0.0000,0.0000,0.0000
hs1 222000000 222999999 0.2500,0.0500,0.0000,0.0500,0.0500,0.0000,0.0500,0.1500,0.0500,0.0000,0.0500,0.1000,0.0500,0.0000,0.0000,0.1000,0.0500,0.0000,0.0000
hs1 224000000 224999999 0.1667,0.1667,0.0000,0.1667,0.0000,0.0000,0.0000,0.0000,0.0000,0.0000,0.0000,0.0000,0.3333,0.0000,0.0000,0.1667,0.0000,0.0000,0.0000
hs1 225000000 225999999 0.2000,0.1333,0.0000,0.0000,0.2000,0.0000,0.0000,0.0000,0.0000,0.0000,0.0667,0.0000,0.2667,0.0000,0.0000,0.0000,0.1333,0.0000,0.0000
hs1 226000000 226999999 0.0909,0.0000,0.0000,0.0000,0.0000,0.0000,0.0909,0.0000,0.0000,0.0000,0.3636,0.0000,0.2727,0.0000,0.0000,0.0000,0.0000,0.0909,0.0909
hs1 227000000 227999999 0.0000,0.0000,0.1111,0.0000,0.0000,0.0000,0.1111,0.1111,0.0000,0.0000,0.1111,0.1111,0.0000,0.0000,0.1111,0.1111,0.1111,0.0000,0.1111
hs1 229000000 229999999 0.0500,0.1500,0.0500,0.0000,0.1000,0.1000,0.1000,0.0000,0.0500,0.0500,0.0000,0.0000,0.1000,0.0500,0.0500,0.0000,0.0500,0.0500,0.0500
hs1 230000000 230999999 0.0000,0.0000,0.0000,0.5000,0.0000,0.0000,0.5000,0.0000,0.0000,0.0000,0.0000,0.0000,0.0000,0.0000,0.0000,0.0000,0.0000,0.0000,0.0000
hs1 231000000 231999999 0.0000,0.0000,0.0000,0.0556,0.0556,0.0556,0.1111,0.2778,0.1111,0.0000,0.0000,0.0556,0.0000,0.1111,0.0000,0.0000,0.0000,0.0556,0.1111
hs1 233000000 233999999 0.0000,0.2000,0.0000,0.1000,0.0500,0.1000,0.1000,0.0500,0.0000,0.0000,0.0500,0.0000,0.0500,0.1500,0.0000,0.1000,0.0500,0.0000,0.0000
hs1 234000000 234999999 0.0625,0.1250,0.0625,0.1250,0.0000,0.0000,0.0000,0.0000,0.0000,0.0625,0.0000,0.0000,0.1250,0.1250,0.0625,0.0000,0.1250,0.1250,0.0000
hs1 235000000 235999999 0.0000,0.2500,0.2500,0.0000,0.0000,0.0000,0.0000,0.0000,0.0000,0.2500,0.0000,0.0000,0.0000,0.0000,0.0000,0.0000,0.2500,0.0000,0.0000
hs1 236000000 236999999 0.0500,0.1000,0.0000,0.1500,0.0500,0.0000,0.0000,0.1000,0.1500,0.0000,0.0500,0.0500,0.1500,0.0000,0.1000,0.0500,0.0000,0.0000,0.0000
hs1 238000000 238999999 0.0000,0.2000,0.0000,0.0000,0.0000,0.0000,0.2000,0.0000,0.2000,0.2000,0.0000,0.0000,0.0000,0.0000,0.0000,0.2000,0.0000,0.0000,0.0000
hs1 239000000 239999999 0.1250,0.0625,0.0000,0.0625,0.0000,0.0625,0.0625,0.0000,0.1250,0.0000,0.0000,0.0000,0.1250,0.0625,0.1250,0.0000,0.0625,0.0625,0.0625
hs1 240000000 240999999 0.1765,0.1176,0.0000,0.0000,0.0588,0.0588,0.0000,0.1176,0.0000,0.0000,0.0000,0.0588,0.1765,0.0000,0.0000,0.0000,0.1176,0.0588,0.0588
hs1 241000000 241999999 0.3333,0.0000,0.0000,0.0000,0.0000,0.0000,0.3333,0.3333,0.0000,0.0000,0.0000,0.0000,0.0000,0.0000,0.0000,0.0000,0.0000,0.0000,0.0000
hs1 242000000 242999999 0.0667,0.1333,0.0000,0.0667,0.0000,0.1333,0.3333,0.0000,0.0000,0.0000,0.0000,0.1333,0.0000,0.0000,0.0000,0.0000,0.0667,0.0000,0.0667
hs1 243000000 243999999 0.2000,0.0000,0.0000,0.0000,0.0000,0.0000,0.0000,0.0000,0.2000,0.0000,0.2000,0.4000,0.0000,0.0000,0.0000,0.0000,0.0000,0.0000,0.0000
hs1 245000000 245999999 0.2381,0.0476,0.0476,0.0000,0.1429,0.1429,0.0476,0.0000,0.0476,0.0476,0.0476,0.0476,0.0476,0.0952,0.0000,0.0000,0.0000,0.0000,0.0000
hs1 246000000 246999999 0.0000,0.0000,0.0000,0.0000,0.0000,0.0000,0.0000,0.0000,0.0000,0.0000,0.6667,0.0000,0.0556,0.2222,0.0000,0.0556,0.0000,0.0000,0.0000
hs1 247000000 247999999 0.0000,0.0000,0.0000,0.0000,0.0000,0.0000,0.0000,0.0000,0.0000,0.0000,1.0000,0.0000,0.0000,0.0000,0.0000,0.0000,0.0000,0.0000,0.0000
