mm16 0 4999999 5680.0000
mm16 5000000 9999999 2614.0000
mm16 10000000 14999999 8141.0000
mm16 15000000 19999999 5073.0000
mm16 20000000 24999999 96703.0000
mm16 25000000 29999999 1794.0000
mm16 30000000 34999999 6727.0000
mm16 35000000 39999999 1023.0000
mm16 40000000 44999999 4828.0000
mm16 45000000 49999999 6983.0000
mm16 50000000 54999999 10330.0000
mm16 55000000 59999999 3356.0000
mm16 60000000 64999999 6573.0000
mm16 65000000 69999999 15514.0000
mm16 70000000 74999999 2144.0000
mm16 75000000 79999999 99226.0000
mm16 80000000 84999999 7719.0000
mm16 85000000 89999999 16132.0000
mm16 90000000 94999999 20043.0000
mm16 95000000 99999999 2764.0000
mm9 0 4999999 10252.0000
mm9 5000000 9999999 7992.0000
mm9 10000000 14999999 14311.0000
mm9 15000000 19999999 48512.0000
mm9 20000000 24999999 8342.0000
mm9 25000000 29999999 33156.0000
mm9 30000000 34999999 24022.0000
mm9 35000000 39999999 6527.0000
mm9 40000000 44999999 3239.0000
mm9 45000000 49999999 12882.0000
mm9 50000000 54999999 3084.0000
mm9 55000000 59999999 18296.0000
mm9 60000000 64999999 5146.0000
mm9 65000000 69999999 9307.0000
mm9 70000000 74999999 1205.0000
mm9 75000000 79999999 5155.0000
mm9 80000000 84999999 4862.0000
mm9 85000000 89999999 16423.0000
mm9 90000000 94999999 6742.0000
mm9 95000000 99999999 13457.0000
mm9 100000000 104999999 2355.0000
mm9 105000000 109999999 38452.0000
mm9 115000000 119999999 4375.0000
mm9 120000000 124999999 15957.0000
mm4 0 4999999 41716.0000
mm4 5000000 9999999 11382.0000
mm4 10000000 14999999 78346.0000
mm4 15000000 19999999 41898.0000
mm4 20000000 24999999 15681.0000
mm4 25000000 29999999 2716.0000
mm4 30000000 34999999 2254.0000
mm4 35000000 39999999 6507.0000
mm4 40000000 44999999 267800.0000
mm4 45000000 49999999 8429.0000
mm4 50000000 54999999 2186.0000
mm4 55000000 59999999 7960.0000
mm4 60000000 64999999 10540.0000
mm4 65000000 69999999 5562.0000
mm4 70000000 74999999 10677.0000
mm4 75000000 79999999 2870.0000
mm4 80000000 84999999 3946.0000
mm4 85000000 89999999 11987.0000
mm4 90000000 94999999 11322.0000
mm4 95000000 99999999 156723.0000
mm4 100000000 104999999 9345.0000
mm4 105000000 109999999 1690.0000
mm4 110000000 114999999 152152.0000
mm4 115000000 119999999 133955.0000
mm4 120000000 124999999 75995.0000
mm4 125000000 129999999 22599.0000
mm4 130000000 134999999 99494.0000
mm4 135000000 139999999 1152.0000
mm4 140000000 144999999 82284.0000
mm4 145000000 149999999 26418.0000
mm4 150000000 154999999 36435.0000
mm2 0 4999999 6509.0000
mm2 5000000 9999999 1405.0000
mm2 10000000 14999999 8685.0000
mm2 15000000 19999999 4149.0000
mm2 20000000 24999999 16424.0000
mm2 25000000 29999999 56695.0000
mm2 30000000 34999999 9171.0000
mm2 35000000 39999999 3444.0000
mm2 40000000 44999999 7647.0000
mm2 45000000 49999999 3977.0000
mm2 50000000 54999999 8920.0000
mm2 55000000 59999999 8510.0000
mm2 60000000 64999999 7277.0000
mm2 65000000 69999999 10318.0000
mm2 70000000 74999999 3568.0000
mm2 75000000 79999999 5308.0000
mm2 80000000 84999999 10725.0000
mm2 85000000 89999999 8548.0000
mm2 90000000 94999999 2643.0000
mm2 95000000 99999999 1471.0000
mm2 100000000 104999999 7099.0000
mm2 110000000 114999999 25119.0000
mm2 115000000 119999999 5860.0000
mm2 120000000 124999999 15893.0000
mm2 125000000 129999999 4624.0000
mm2 130000000 134999999 636.0000
mm2 135000000 139999999 1646.0000
mm2 140000000 144999999 12844.0000
mm2 145000000 149999999 2594.0000
mm2 150000000 154999999 63265.0000
mm2 155000000 159999999 38086.0000
mm2 160000000 164999999 15299.0000
mm2 165000000 169999999 3936.0000
mm2 170000000 174999999 10288.0000
mm18 0 4999999 3398.0000
mm18 5000000 9999999 3111.0000
mm18 10000000 14999999 3236.0000
mm18 15000000 19999999 5608.0000
mm18 20000000 24999999 4435.0000
mm18 25000000 29999999 19345.0000
mm18 30000000 34999999 10274.0000
mm18 35000000 39999999 18617.0000
mm18 40000000 44999999 7226.0000
mm18 45000000 49999999 7164.0000
mm18 50000000 54999999 1327.0000
mm18 55000000 59999999 9716.0000
mm18 60000000 64999999 14482.0000
mm18 65000000 69999999 7319.0000
mm18 70000000 74999999 4236.0000
mm18 75000000 79999999 2301.0000
mm18 80000000 84999999 9519.0000
mm18 85000000 89999999 1587.0000
mm7 5000000 9999999 1970.0000
mm7 10000000 14999999 19035.0000
mm7 15000000 19999999 11095.0000
mm7 20000000 24999999 8833.0000
mm7 25000000 29999999 62348.0000
mm7 30000000 34999999 17746.0000
mm7 35000000 39999999 35885.0000
mm7 40000000 44999999 4871.0000
mm7 45000000 49999999 14966.0000
mm7 50000000 54999999 9650.0000
mm7 55000000 59999999 1770.0000
mm7 65000000 69999999 10443.0000
mm7 70000000 74999999 6535.0000
mm7 80000000 84999999 1897.0000
mm7 85000000 89999999 585.0000
mm7 90000000 94999999 41997.0000
mm7 95000000 99999999 3577.0000
mm7 100000000 104999999 5785.0000
mm7 105000000 109999999 12808.0000
mm7 110000000 114999999 7439.0000
mm7 115000000 119999999 2429.0000
mm7 120000000 124999999 30836.0000
mm7 125000000 129999999 108545.0000
mm7 130000000 134999999 3665.0000
mm7 135000000 139999999 6749.0000
mm7 140000000 144999999 27936.0000
mm7 145000000 149999999 5057.0000
mm10 0 4999999 3426.0000
mm10 5000000 9999999 2618.0000
mm10 15000000 19999999 1060.0000
mm10 20000000 24999999 8958.0000
mm10 30000000 34999999 2147.0000
mm10 35000000 39999999 2715.0000
mm10 40000000 44999999 41513.0000
mm10 45000000 49999999 7303.0000
mm10 50000000 54999999 6491.0000
mm10 55000000 59999999 24315.0000
mm10 60000000 64999999 4505.0000
mm10 65000000 69999999 1539.0000
mm10 70000000 74999999 17697.0000
mm10 75000000 79999999 17697.0000
mm10 80000000 84999999 8032.0000
mm10 85000000 89999999 7120.0000
mm10 90000000 94999999 1159.0000
mm10 95000000 99999999 22011.0000
mm10 100000000 104999999 623.0000
mm10 105000000 109999999 2098.0000
mm10 115000000 119999999 4546.0000
mm10 120000000 124999999 2871.0000
mm10 125000000 129999999 2087.0000
mm6 0 4999999 5325.0000
mm6 5000000 9999999 18412.0000
mm6 10000000 14999999 1944.0000
mm6 15000000 19999999 9175.0000
mm6 20000000 24999999 28840.0000
mm6 25000000 29999999 39530.0000
mm6 30000000 34999999 118598.0000
mm6 35000000 39999999 12411.0000
mm6 40000000 44999999 13581.0000
mm6 45000000 49999999 11259.0000
mm6 50000000 54999999 2851.0000
mm6 60000000 64999999 5997.0000
mm6 65000000 69999999 26768.0000
mm6 70000000 74999999 3316.0000
mm6 75000000 79999999 6463.0000
mm6 80000000 84999999 635517.0000
mm6 85000000 89999999 13995.0000
mm6 90000000 94999999 5046.0000
mm6 95000000 99999999 1815.0000
mm6 100000000 104999999 3285.0000
mm6 105000000 109999999 10803.0000
mm6 110000000 114999999 5360.0000
mm6 115000000 119999999 79633.0000
mm6 120000000 124999999 48716.0000
mm6 125000000 129999999 5039.0000
mm6 130000000 134999999 4997.0000
mm6 135000000 139999999 3299.0000
mm6 140000000 144999999 19136.0000
mm6 145000000 149999999 1748.0000
mm17 0 4999999 18949.0000
mm17 5000000 9999999 14622.0000
mm17 10000000 14999999 4429.0000
mm17 15000000 19999999 10623.0000
mm17 20000000 24999999 3700.0000
mm17 25000000 29999999 9886.0000
mm17 35000000 39999999 55771.0000
mm17 40000000 44999999 16855.0000
mm17 45000000 49999999 8996.0000
mm17 50000000 54999999 14934.0000
mm17 55000000 59999999 22664.0000
mm17 60000000 64999999 15943.0000
mm17 65000000 69999999 854.0000
mm17 70000000 74999999 3974.0000
mm17 75000000 79999999 16929.0000
mm17 80000000 84999999 9236.0000
mm17 85000000 89999999 9355.0000
mm17 90000000 94999999 6196.0000
mm19 0 4999999 2462.0000
mm19 5000000 9999999 10932.0000
mm19 10000000 14999999 2390.0000
mm19 15000000 19999999 30746.0000
mm19 20000000 24999999 16553.0000
mm19 25000000 29999999 4366.0000
mm19 30000000 34999999 10310.0000
mm19 35000000 39999999 12498.0000
mm19 40000000 44999999 8754.0000
mm19 45000000 49999999 2487.0000
mm19 50000000 54999999 33297.0000
mm19 55000000 59999999 7136.0000
mm19 60000000 64999999 1540.0000
mm8 0 4999999 29354.0000
mm8 5000000 9999999 11813.0000
mm8 10000000 14999999 8979.0000
mm8 15000000 19999999 4943.0000
mm8 20000000 24999999 27961.0000
mm8 25000000 29999999 7117.0000
mm8 30000000 34999999 17032.0000
mm8 35000000 39999999 5461.0000
mm8 40000000 44999999 15210.0000
mm8 45000000 49999999 23580.0000
mm8 50000000 54999999 2865.0000
mm8 55000000 59999999 8025.0000
mm8 60000000 64999999 82626.0000
mm8 65000000 69999999 18476.0000
mm8 70000000 74999999 9882.0000
mm8 75000000 79999999 2604.0000
mm8 80000000 84999999 17484.0000
mm8 85000000 89999999 13767.0000
mm8 90000000 94999999 22063.0000
mm8 95000000 99999999 17253.0000
mm8 100000000 104999999 5738.0000
mm8 105000000 109999999 5469.0000
mm8 110000000 114999999 1983.0000
mm8 115000000 119999999 16342.0000
mm8 120000000 124999999 2252.0000
mm8 125000000 129999999 15228.0000
mm5 0 4999999 7790.0000
mm5 5000000 9999999 8149.0000
mm5 10000000 14999999 10419.0000
mm5 15000000 19999999 2875.0000
mm5 20000000 24999999 1875.0000
mm5 25000000 29999999 2762.0000
mm5 30000000 34999999 22613.0000
mm5 35000000 39999999 17355.0000
mm5 40000000 44999999 9624.0000
mm5 45000000 49999999 185285.0000
mm5 50000000 54999999 3197.0000
mm5 55000000 59999999 1274.0000
mm5 60000000 64999999 5679.0000
mm5 65000000 69999999 2473.0000
mm5 70000000 74999999 3284.0000
mm5 80000000 84999999 10715.0000
mm5 85000000 89999999 14636.0000
mm5 90000000 94999999 4501.0000
mm5 105000000 109999999 37283.0000
mm5 115000000 119999999 381.0000
mm5 120000000 124999999 3873.0000
mm5 125000000 129999999 36333.0000
mm5 130000000 134999999 5330.0000
mm5 135000000 139999999 14768.0000
mm5 140000000 144999999 6372.0000
mm5 145000000 149999999 11900.0000
mm1 0 4999999 21543.0000
mm1 5000000 9999999 17465.0000
mm1 10000000 14999999 12933.0000
mm1 15000000 19999999 39562.0000
mm1 20000000 24999999 166879.0000
mm1 25000000 29999999 22580.0000
mm1 30000000 34999999 76016.0000
mm1 35000000 39999999 9052.0000
mm1 40000000 44999999 43534.0000
mm1 45000000 49999999 8068.0000
mm1 50000000 54999999 1426.0000
mm1 55000000 59999999 54699.0000
mm1 60000000 64999999 281785.0000
mm1 65000000 69999999 8692.0000
mm1 70000000 74999999 4298.0000
mm1 75000000 79999999 5874.0000
mm1 80000000 84999999 3564.0000
mm1 85000000 89999999 2020.0000
mm1 90000000 94999999 4747.0000
mm1 95000000 99999999 11239.0000
mm1 100000000 104999999 4292.0000
mm1 105000000 109999999 8383.0000
mm1 110000000 114999999 8623.0000
mm1 115000000 119999999 14310.0000
mm1 120000000 124999999 1046.0000
mm1 130000000 134999999 368186.0000
mm1 135000000 139999999 96513.0000
mm1 140000000 144999999 145380.0000
mm1 145000000 149999999 44570.0000
mm1 150000000 154999999 5912.0000
mm1 155000000 159999999 6143.0000
mm1 160000000 164999999 14525.0000
mm1 165000000 169999999 28274.0000
mm1 170000000 174999999 62121.0000
mm1 175000000 179999999 313597.0000
mm1 180000000 184999999 9676.0000
mm1 185000000 189999999 12273.0000
mm1 190000000 194999999 30826.0000
mm1 195000000 199999999 4128.0000
mm12 0 4999999 4348.0000
mm12 5000000 9999999 11897.0000
mm12 10000000 14999999 11357.0000
mm12 15000000 19999999 3121.0000
mm12 20000000 24999999 16698.0000
mm12 25000000 29999999 12299.0000
mm12 30000000 34999999 46893.0000
mm12 35000000 39999999 3624.0000
mm12 40000000 44999999 3738.0000
mm12 45000000 49999999 9661.0000
mm12 50000000 54999999 5623.0000
mm12 55000000 59999999 3490.0000
mm12 60000000 64999999 6402.0000
mm12 65000000 69999999 11078.0000
mm12 70000000 74999999 10821.0000
mm12 75000000 79999999 11656.0000
mm12 80000000 84999999 5600.0000
mm12 90000000 94999999 11335.0000
mm12 95000000 99999999 6037.0000
mm12 105000000 109999999 12962.0000
mm12 110000000 114999999 9898.0000
mm12 115000000 119999999 2281.0000
mm11 0 4999999 42543.0000
mm11 5000000 9999999 4907.0000
mm11 10000000 14999999 5904.0000
mm11 15000000 19999999 6945.0000
mm11 20000000 24999999 3686.0000
mm11 25000000 29999999 15370.0000
mm11 30000000 34999999 3683.0000
mm11 35000000 39999999 3431.0000
mm11 40000000 44999999 10866.0000
mm11 45000000 49999999 6713.0000
mm11 50000000 54999999 16216.0000
mm11 55000000 59999999 176172.0000
mm11 60000000 64999999 750891.0000
mm11 65000000 69999999 34516.0000
mm11 70000000 74999999 4162.0000
mm11 75000000 79999999 10375.0000
mm11 80000000 84999999 3601.0000
mm11 85000000 89999999 14773.0000
mm11 90000000 94999999 6110.0000
mm11 95000000 99999999 13147.0000
mm11 100000000 104999999 30956.0000
mm11 105000000 109999999 21026.0000
mm11 115000000 119999999 12109.0000
mm11 120000000 124999999 1515.0000
mm3 0 4999999 1849.0000
mm3 5000000 9999999 11731.0000
mm3 10000000 14999999 6342.0000
mm3 15000000 19999999 165221.0000
mm3 20000000 24999999 2254.0000
mm3 25000000 29999999 1708.0000
mm3 30000000 34999999 3558.0000
mm3 35000000 39999999 18965.0000
mm3 45000000 49999999 405393.0000
mm3 50000000 54999999 272531.0000
mm3 55000000 59999999 3695.0000
mm3 60000000 64999999 402151.0000
mm3 65000000 69999999 138308.0000
mm3 70000000 74999999 215884.0000
mm3 75000000 79999999 7794.0000
mm3 80000000 84999999 14163.0000
mm3 85000000 89999999 13810.0000
mm3 90000000 94999999 27342.0000
mm3 95000000 99999999 996696.0000
mm3 100000000 104999999 26223.0000
mm3 105000000 109999999 65407.0000
mm3 110000000 114999999 238050.0000
mm3 115000000 119999999 15575.0000
mm3 120000000 124999999 26022.0000
mm3 125000000 129999999 4534.0000
mm3 130000000 134999999 1628.0000
mm3 135000000 139999999 16628.0000
mm3 140000000 144999999 188961.0000
mm3 145000000 149999999 11110.0000
mm3 150000000 154999999 29297.0000
mm3 155000000 159999999 93830.0000
mm15 0 4999999 80283.0000
mm15 5000000 9999999 2242.0000
mm15 10000000 14999999 18188.0000
mm15 15000000 19999999 5012.0000
mm15 20000000 24999999 24967.0000
mm15 25000000 29999999 17050.0000
mm15 30000000 34999999 32354.0000
mm15 35000000 39999999 5805.0000
mm15 40000000 44999999 9246.0000
mm15 50000000 54999999 1692.0000
mm15 55000000 59999999 126335.0000
mm15 60000000 64999999 7263.0000
mm15 65000000 69999999 2952.0000
mm15 70000000 74999999 9746.0000
mm15 75000000 79999999 2848.0000
mm15 80000000 84999999 50565.0000
mm15 85000000 89999999 3489.0000
mm15 90000000 94999999 5118.0000
mm15 95000000 99999999 1076.0000
mm15 100000000 104999999 48590.0000
mm14 0 4999999 1758.0000
mm14 5000000 9999999 2333.0000
mm14 10000000 14999999 9075.0000
mm14 15000000 19999999 14174.0000
mm14 20000000 24999999 2265.0000
mm14 25000000 29999999 3874.0000
mm14 30000000 34999999 58033.0000
mm14 35000000 39999999 1455.0000
mm14 45000000 49999999 930.0000
mm14 50000000 54999999 52078.0000
mm14 55000000 59999999 3503.0000
mm14 60000000 64999999 39009.0000
mm14 65000000 69999999 1871.0000
mm14 70000000 74999999 11724.0000
mm14 75000000 79999999 2030.0000
mm14 80000000 84999999 12972.0000
mm14 90000000 94999999 4579.0000
mm14 95000000 99999999 4418.0000
mm14 100000000 104999999 1868.0000
mm14 105000000 109999999 22836.0000
mm14 110000000 114999999 17327.0000
mm14 115000000 119999999 1791.0000
mm14 120000000 124999999 901.0000
mm13 0 4999999 187604.0000
mm13 5000000 9999999 40796.0000
mm13 10000000 14999999 11281.0000
mm13 15000000 19999999 3299.0000
mm13 20000000 24999999 63768.0000
mm13 25000000 29999999 882.0000
mm13 30000000 34999999 9336.0000
mm13 35000000 39999999 4064.0000
mm13 40000000 44999999 30837.0000
mm13 45000000 49999999 14275.0000
mm13 50000000 54999999 2180.0000
mm13 55000000 59999999 10948.0000
mm13 60000000 64999999 2943.0000
mm13 65000000 69999999 9308.0000
mm13 70000000 74999999 9300.0000
mm13 75000000 79999999 7157.0000
mm13 80000000 84999999 8849.0000
mm13 85000000 89999999 20730.0000
mm13 90000000 94999999 557.0000
mm13 95000000 99999999 61000.0000
mm13 100000000 104999999 6215.0000
mm13 105000000 109999999 118204.0000
mm13 110000000 114999999 12339.0000
mm13 115000000 119999999 478606.0000
