mm16 0 4999999 4393363.0000
mm16 5000000 9999999 5000000.0000
mm16 10000000 14999999 6134782.0000
mm16 15000000 19999999 13457664.0000
mm16 20000000 24999999 10520900.0000
mm16 25000000 29999999 5000000.0000
mm16 30000000 34999999 8199528.0000
mm16 35000000 39999999 15000000.0000
mm16 40000000 44999999 15000000.0000
mm16 45000000 49999999 11956880.0000
mm16 50000000 54999999 12110430.0000
mm16 55000000 59999999 15000000.0000
mm16 60000000 64999999 19318960.0000
mm16 65000000 69999999 15000000.0000
mm16 70000000 74999999 15000000.0000
mm16 75000000 79999999 10189300.0000
mm16 80000000 84999999 5000000.0000
mm16 85000000 89999999 2496091.0000
mm9 15000000 19999999 1894561.0000
mm9 20000000 24999999 5000000.0000
mm9 25000000 29999999 3878464.0000
mm9 30000000 34999999 5000000.0000
mm9 35000000 39999999 5000000.0000
mm9 40000000 44999999 5000000.0000
mm9 45000000 49999999 5000000.0000
mm9 50000000 54999999 5000000.0000
mm9 55000000 59999999 9633768.0000
mm9 60000000 64999999 10000000.0000
mm9 65000000 69999999 10000000.0000
mm9 70000000 74999999 12100650.0000
mm9 75000000 79999999 15000000.0000
mm9 80000000 84999999 18879467.0000
mm9 85000000 89999999 15676289.0000
mm9 90000000 94999999 15000000.0000
mm9 95000000 99999999 12310117.0000
mm9 100000000 104999999 6951434.0000
mm9 105000000 109999999 4873789.0000
mm4 0 4999999 1353243.0000
mm4 5000000 9999999 6125041.0000
mm4 10000000 14999999 13646538.0000
mm4 15000000 19999999 16600609.0000
mm4 20000000 24999999 20000000.0000
mm4 25000000 29999999 15236257.0000
mm4 30000000 34999999 14328286.0000
mm4 35000000 39999999 9508841.0000
mm4 40000000 44999999 4006069.0000
mm4 45000000 49999999 3893871.0000
mm4 50000000 54999999 10000000.0000
mm4 55000000 59999999 10000000.0000
mm4 60000000 64999999 6401791.0000
mm4 65000000 69999999 5091004.0000
mm4 70000000 74999999 11721170.0000
mm4 75000000 79999999 20000000.0000
mm4 80000000 84999999 21932604.0000
mm4 85000000 89999999 25000000.0000
mm4 90000000 94999999 21112461.0000
mm4 95000000 99999999 21059039.0000
mm4 100000000 104999999 21764093.0000
mm4 105000000 109999999 25000000.0000
mm4 110000000 114999999 25000000.0000
mm4 115000000 119999999 25000000.0000
mm4 120000000 124999999 23556636.0000
mm4 125000000 129999999 20505927.0000
mm4 130000000 134999999 25011722.0000
mm4 135000000 139999999 25000000.0000
mm4 140000000 144999999 25000000.0000
mm4 145000000 149999999 16618710.0000
mm4 150000000 154999999 1523674.0000
mm2 10000000 14999999 4344989.0000
mm2 15000000 19999999 10000000.0000
mm2 20000000 24999999 10000000.0000
mm2 25000000 29999999 19642681.0000
mm2 30000000 34999999 18357375.0000
mm2 35000000 39999999 10000000.0000
mm2 40000000 44999999 10596629.0000
mm2 45000000 49999999 15000000.0000
mm2 50000000 54999999 10934463.0000
mm2 55000000 59999999 10028003.0000
mm2 60000000 64999999 15000000.0000
mm2 65000000 69999999 15000000.0000
mm2 70000000 74999999 12536529.0000
mm2 75000000 79999999 10000000.0000
mm2 80000000 84999999 6500855.0000
mm2 85000000 89999999 5000000.0000
mm2 90000000 94999999 6055515.0000
mm2 95000000 99999999 15000000.0000
mm2 100000000 104999999 14662340.0000
mm2 105000000 109999999 10000000.0000
mm2 110000000 114999999 9303707.0000
mm2 115000000 119999999 9491894.0000
mm2 120000000 124999999 5000000.0000
mm2 125000000 129999999 4953211.0000
mm2 140000000 144999999 189950.0000
mm2 145000000 149999999 5000000.0000
mm2 150000000 154999999 13364526.0000
mm2 155000000 159999999 21503983.0000
mm2 160000000 164999999 16834158.0000
mm2 165000000 169999999 15000000.0000
mm2 170000000 174999999 1889041.0000
mm18 0 4999999 246125.0000
mm18 5000000 9999999 5000000.0000
mm18 10000000 14999999 5000000.0000
mm18 15000000 19999999 4744597.0000
mm18 20000000 24999999 5000000.0000
mm18 25000000 29999999 5878276.0000
mm18 30000000 34999999 7656817.0000
mm18 35000000 39999999 14268506.0000
mm18 40000000 44999999 17436008.0000
mm18 45000000 49999999 20000000.0000
mm18 50000000 54999999 19145206.0000
mm18 55000000 59999999 10642725.0000
mm18 60000000 64999999 10703421.0000
mm18 65000000 69999999 12892933.0000
mm18 70000000 74999999 5807737.0000
mm18 75000000 79999999 5000000.0000
mm18 80000000 84999999 5000000.0000
mm18 85000000 89999999 2644114.0000
mm7 5000000 9999999 4381295.0000
mm7 10000000 14999999 7307152.0000
mm7 15000000 19999999 12767809.0000
mm7 20000000 24999999 15000000.0000
mm7 25000000 29999999 18932247.0000
mm7 30000000 34999999 15675869.0000
mm7 35000000 39999999 15000000.0000
mm7 40000000 44999999 14069353.0000
mm7 45000000 49999999 10000000.0000
mm7 50000000 54999999 6507629.0000
mm7 55000000 59999999 5000000.0000
mm7 60000000 64999999 5000000.0000
mm7 65000000 69999999 2958961.0000
mm7 85000000 89999999 193423.0000
mm7 90000000 94999999 6478720.0000
mm7 95000000 99999999 10000000.0000
mm7 100000000 104999999 10000000.0000
mm7 105000000 109999999 10333021.0000
mm7 110000000 114999999 15000000.0000
mm7 115000000 119999999 15000000.0000
mm7 120000000 124999999 14355271.0000
mm7 125000000 129999999 15000000.0000
mm7 130000000 134999999 15000000.0000
mm7 135000000 139999999 15000000.0000
mm7 140000000 144999999 5659356.0000
mm10 45000000 49999999 890297.0000
mm10 50000000 54999999 5000000.0000
mm10 55000000 59999999 4211771.0000
mm10 75000000 79999999 548581.0000
mm10 80000000 84999999 5000000.0000
mm10 85000000 89999999 5000000.0000
mm10 90000000 94999999 5000000.0000
mm10 95000000 99999999 5000000.0000
mm10 100000000 104999999 5000000.0000
mm10 105000000 109999999 707378.0000
mm6 5000000 9999999 2360652.0000
mm6 10000000 14999999 5000000.0000
mm6 15000000 19999999 9196063.0000
mm6 20000000 24999999 10000000.0000
mm6 25000000 29999999 10000000.0000
mm6 30000000 34999999 6064771.0000
mm6 35000000 39999999 5000000.0000
mm6 40000000 44999999 1999709.0000
mm6 45000000 49999999 1038793.0000
mm6 50000000 54999999 5000000.0000
mm6 55000000 59999999 5000000.0000
mm6 60000000 64999999 5000000.0000
mm6 65000000 69999999 7635618.0000
mm6 70000000 74999999 10000000.0000
mm6 75000000 79999999 12507199.0000
mm6 80000000 84999999 12689006.0000
mm6 85000000 89999999 10000000.0000
mm6 90000000 94999999 7039939.0000
mm6 95000000 99999999 5000000.0000
mm6 100000000 104999999 5000000.0000
mm6 105000000 109999999 1729498.0000
mm6 110000000 114999999 6930369.0000
mm6 115000000 119999999 11544018.0000
mm6 120000000 124999999 12646950.0000
mm6 125000000 129999999 10000000.0000
mm6 130000000 134999999 6558984.0000
mm6 135000000 139999999 5000000.0000
mm6 140000000 144999999 1877690.0000
mm17 0 4999999 2174222.0000
mm17 5000000 9999999 14183967.0000
mm17 10000000 14999999 15000000.0000
mm17 15000000 19999999 11920176.0000
mm17 20000000 24999999 8778600.0000
mm17 25000000 29999999 10000000.0000
mm17 30000000 34999999 10000000.0000
mm17 35000000 39999999 17287189.0000
mm17 40000000 44999999 27812542.0000
mm17 45000000 49999999 31292696.0000
mm17 50000000 54999999 30000000.0000
mm17 55000000 59999999 31419222.0000
mm17 60000000 64999999 25178637.0000
mm17 65000000 69999999 25000000.0000
mm17 70000000 74999999 23215889.0000
mm17 75000000 79999999 20608871.0000
mm17 80000000 84999999 15000000.0000
mm17 85000000 89999999 15000000.0000
mm17 90000000 94999999 4060509.0000
mm19 5000000 9999999 11110901.0000
mm19 10000000 14999999 15000000.0000
mm19 15000000 19999999 23982542.0000
mm19 20000000 24999999 30000000.0000
mm19 25000000 29999999 30000000.0000
mm19 30000000 34999999 29699897.0000
mm19 35000000 39999999 27537174.0000
mm19 40000000 44999999 23977553.0000
mm19 45000000 49999999 20000000.0000
mm19 50000000 54999999 15233893.0000
mm19 55000000 59999999 5000000.0000
mm19 60000000 64999999 1244654.0000
mm5 0 4999999 3678046.0000
mm5 5000000 9999999 6692420.0000
mm5 10000000 14999999 3732764.0000
mm5 20000000 24999999 3895467.0000
mm5 25000000 29999999 5000000.0000
mm5 30000000 34999999 5000000.0000
mm5 35000000 39999999 5000000.0000
mm5 40000000 44999999 1734268.0000
mm5 45000000 49999999 333016.0000
mm5 65000000 69999999 2511584.0000
mm5 70000000 74999999 6366895.0000
mm5 75000000 79999999 10000000.0000
mm5 80000000 84999999 10407312.0000
mm5 85000000 89999999 12573885.0000
mm5 90000000 94999999 10882567.0000
mm5 95000000 99999999 10000000.0000
mm5 100000000 104999999 10000000.0000
mm5 105000000 109999999 11703419.0000
mm5 110000000 114999999 15000000.0000
mm5 115000000 119999999 10553561.0000
mm5 120000000 124999999 10000000.0000
mm5 125000000 129999999 7680876.0000
mm5 130000000 134999999 9581776.0000
mm5 135000000 139999999 10000000.0000
mm5 140000000 144999999 8624238.0000
mm5 145000000 149999999 3634402.0000
mm8 15000000 19999999 4122468.0000
mm8 20000000 24999999 8373423.0000
mm8 25000000 29999999 10000000.0000
mm8 30000000 34999999 10000000.0000
mm8 35000000 39999999 10000000.0000
mm8 40000000 44999999 10000000.0000
mm8 45000000 49999999 11051986.0000
mm8 50000000 54999999 15000000.0000
mm8 55000000 59999999 19637910.0000
mm8 60000000 64999999 25000000.0000
mm8 65000000 69999999 23261932.0000
mm8 70000000 74999999 22340188.0000
mm8 75000000 79999999 20000000.0000
mm8 80000000 84999999 17649922.0000
mm8 85000000 89999999 6436476.0000
mm8 90000000 94999999 5000000.0000
mm8 95000000 99999999 240900.0000
mm8 100000000 104999999 539891.0000
mm8 105000000 109999999 5000000.0000
mm8 110000000 114999999 5000000.0000
mm8 115000000 119999999 4086141.0000
mm1 0 4999999 1017170.0000
mm1 5000000 9999999 15613476.0000
mm1 10000000 14999999 20988783.0000
mm1 15000000 19999999 27263463.0000
mm1 20000000 24999999 32143008.0000
mm1 25000000 29999999 25014629.0000
mm1 30000000 34999999 25002252.0000
mm1 35000000 39999999 28874847.0000
mm1 40000000 44999999 27352531.0000
mm1 45000000 49999999 10226707.0000
mm1 50000000 54999999 10000000.0000
mm1 55000000 59999999 5501891.0000
mm1 60000000 64999999 5122932.0000
mm1 65000000 69999999 10000000.0000
mm1 70000000 74999999 7151237.0000
mm1 75000000 79999999 2064538.0000
mm1 105000000 109999999 5200925.0000
mm1 110000000 114999999 10000000.0000
mm1 115000000 119999999 10000000.0000
mm1 120000000 124999999 10000000.0000
mm1 125000000 129999999 10000000.0000
mm1 130000000 134999999 10005505.0000
mm1 135000000 139999999 11322898.0000
mm1 140000000 144999999 13928903.0000
mm1 145000000 149999999 17928495.0000
mm1 150000000 154999999 17506878.0000
mm1 155000000 159999999 20000000.0000
mm1 160000000 164999999 24790479.0000
mm1 165000000 169999999 22707368.0000
mm1 170000000 174999999 25000000.0000
mm1 175000000 179999999 23632662.0000
mm1 180000000 184999999 14200246.0000
mm1 185000000 189999999 10269532.0000
mm1 190000000 194999999 4610223.0000
mm12 10000000 14999999 3300137.0000
mm12 15000000 19999999 8009130.0000
mm12 20000000 24999999 10000000.0000
mm12 25000000 29999999 10000000.0000
mm12 30000000 34999999 9805694.0000
mm12 35000000 39999999 5000000.0000
mm12 40000000 44999999 5000000.0000
mm12 45000000 49999999 6113875.0000
mm12 50000000 54999999 10000000.0000
mm12 55000000 59999999 5370343.0000
mm12 60000000 64999999 14636036.0000
mm12 65000000 69999999 15000000.0000
mm12 70000000 74999999 15000000.0000
mm12 75000000 79999999 10450350.0000
mm12 80000000 84999999 4637651.0000
mm11 0 4999999 3365579.0000
mm11 5000000 9999999 5000000.0000
mm11 10000000 14999999 4771101.0000
mm11 25000000 29999999 3313439.0000
mm11 30000000 34999999 5000000.0000
mm11 35000000 39999999 5000000.0000
mm11 40000000 44999999 9513943.0000
mm11 45000000 49999999 11050770.0000
mm11 50000000 54999999 20000000.0000
mm11 55000000 59999999 22089388.0000
mm11 60000000 64999999 30806821.0000
mm11 65000000 69999999 24177218.0000
mm11 70000000 74999999 15468132.0000
mm11 75000000 79999999 13969758.0000
mm11 80000000 84999999 15000000.0000
mm11 85000000 89999999 18556095.0000
mm11 90000000 94999999 20000000.0000
mm11 95000000 99999999 20000000.0000
mm11 100000000 104999999 10983425.0000
mm11 105000000 109999999 5504848.0000
mm11 110000000 114999999 5000000.0000
mm11 115000000 119999999 2640386.0000
mm3 5000000 9999999 1123.0000
mm3 15000000 19999999 2432294.0000
mm3 20000000 24999999 3641453.0000
mm3 25000000 29999999 5000000.0000
mm3 30000000 34999999 5000000.0000
mm3 35000000 39999999 6624790.0000
mm3 40000000 44999999 5000000.0000
mm3 45000000 49999999 5523287.0000
mm3 50000000 54999999 4286248.0000
mm3 55000000 59999999 1544073.0000
mm3 60000000 64999999 12677911.0000
mm3 65000000 69999999 6892080.0000
mm3 70000000 74999999 5000000.0000
mm3 75000000 79999999 6278895.0000
mm3 80000000 84999999 12161986.0000
mm3 85000000 89999999 20433622.0000
mm3 90000000 94999999 25000000.0000
mm3 95000000 99999999 24948643.0000
mm3 100000000 104999999 17763096.0000
mm3 105000000 109999999 20000000.0000
mm3 110000000 114999999 15379274.0000
mm3 115000000 119999999 10000000.0000
mm3 120000000 124999999 10000000.0000
mm3 125000000 129999999 10000000.0000
mm3 130000000 134999999 10000000.0000
mm3 135000000 139999999 10000000.0000
mm3 140000000 144999999 14931767.0000
mm3 145000000 149999999 12953656.0000
mm3 150000000 154999999 2147174.0000
mm3 155000000 159999999 4402996.0000
mm15 0 4999999 26627556.0000
mm15 5000000 9999999 30000000.0000
mm15 10000000 14999999 32495428.0000
mm15 15000000 19999999 35000000.0000
mm15 20000000 24999999 32646013.0000
mm15 25000000 29999999 30000000.0000
mm15 30000000 34999999 31751402.0000
mm15 35000000 39999999 22101659.0000
mm15 40000000 44999999 15122130.0000
mm15 45000000 49999999 10000000.0000
mm15 50000000 54999999 10000000.0000
mm15 55000000 59999999 14435253.0000
mm15 60000000 64999999 20000000.0000
mm15 65000000 69999999 21292869.0000
mm15 70000000 74999999 22836849.0000
mm15 75000000 79999999 15640407.0000
mm15 80000000 84999999 24149641.0000
mm15 85000000 89999999 25000000.0000
mm15 90000000 94999999 25000000.0000
mm15 95000000 99999999 24641033.0000
mm15 100000000 104999999 11925758.0000
mm14 0 4999999 918106.0000
mm14 5000000 9999999 5000000.0000
mm14 10000000 14999999 4611011.0000
mm14 15000000 19999999 4842783.0000
mm14 20000000 24999999 8325263.0000
mm14 25000000 29999999 11472462.0000
mm14 30000000 34999999 12193224.0000
mm14 35000000 39999999 7159040.0000
mm14 40000000 44999999 5000000.0000
mm14 45000000 49999999 6442511.0000
mm14 50000000 54999999 10186025.0000
mm14 55000000 59999999 5000000.0000
mm14 60000000 64999999 8056662.0000
mm14 65000000 69999999 8913772.0000
mm14 70000000 74999999 5039816.0000
mm14 75000000 79999999 6509783.0000
mm14 80000000 84999999 9088534.0000
mm14 85000000 89999999 5000000.0000
mm14 90000000 94999999 5522731.0000
mm14 95000000 99999999 10000000.0000
mm14 100000000 104999999 10000000.0000
mm14 105000000 109999999 9322097.0000
mm14 110000000 114999999 1709111.0000
mm13 0 4999999 4297940.0000
mm13 5000000 9999999 10000000.0000
mm13 10000000 14999999 14250362.0000
mm13 15000000 19999999 16432576.0000
mm13 20000000 24999999 13932507.0000
mm13 25000000 29999999 10000000.0000
mm13 30000000 34999999 10000000.0000
mm13 35000000 39999999 10920497.0000
mm13 40000000 44999999 15000000.0000
mm13 45000000 49999999 10282608.0000
mm13 50000000 54999999 13712199.0000
mm13 55000000 59999999 17785710.0000
mm13 60000000 64999999 19726114.0000
mm13 65000000 69999999 14794391.0000
mm13 70000000 74999999 9906376.0000
mm13 75000000 79999999 5000000.0000
mm13 80000000 84999999 5000000.0000
mm13 85000000 89999999 8937798.0000
mm13 90000000 94999999 10000000.0000
mm13 95000000 99999999 16044953.0000
mm13 100000000 104999999 17232708.0000
mm13 105000000 109999999 16344365.0000
mm13 110000000 114999999 15615577.0000
mm13 115000000 119999999 13367290.0000
