hs1 0 999999 0.400724333333333
hs1 1000000 1999999 0.428485583333333
hs1 2000000 2999999 0.430937966292135
hs1 3000000 3999999 0.4384115
hs1 4000000 4999999 0.454122132743363
hs1 5000000 5999999 0.458418237623762
hs1 6000000 6999999 0.41583165934066
hs1 7000000 7999999 0.445831225806452
hs1 8000000 8999999 0.403799927927928
hs1 9000000 9999999 0.400806018181818
hs1 10000000 10999999 0.427437814814815
hs1 11000000 11999999 0.424019433962264
hs1 12000000 12999999 0.444931760869565
hs1 13000000 13999999 0.472732571428571
hs1 14000000 14999999 0.451646867924528
hs1 15000000 15999999 0.406958837837838
hs1 16000000 16999999 0.42030255
hs1 17000000 17999999 0.438133388888889
hs1 18000000 18999999 0.44653090990991
hs1 19000000 19999999 0.41575966
hs1 20000000 20999999 0.416235976470588
hs1 21000000 21999999 0.418497727272727
hs1 22000000 22999999 0.43013766
hs1 23000000 23999999 0.43932741
hs1 24000000 24999999 0.392731272727273
hs1 25000000 25999999 0.407242578947368
hs1 26000000 26999999 0.437997816326531
hs1 27000000 27999999 0.398900615384615
hs1 28000000 28999999 0.409426446153846
hs1 29000000 29999999 0.42327187962963
hs1 30000000 30999999 0.464810805555556
hs1 31000000 31999999 0.429699982758621
hs1 32000000 32999999 0.403349021505376
hs1 33000000 33999999 0.442345784810127
hs1 34000000 34999999 0.471618134328358
hs1 35000000 35999999 0.433896739726028
hs1 36000000 36999999 0.434781
hs1 37000000 37999999 0.460580810810811
hs1 38000000 38999999 0.446471166666667
hs1 39000000 39999999 0.449807968421053
hs1 40000000 40999999 0.462613741176471
hs1 41000000 41999999 0.449578308823529
hs1 42000000 42999999 0.452988409090909
hs1 43000000 43999999 0.446480916666667
hs1 44000000 44999999 0.449288728571428
hs1 45000000 45999999 0.430957010526316
hs1 46000000 46999999 0.426475828947368
hs1 47000000 47999999 0.4581012
hs1 48000000 48999999 0.478801859375
hs1 49000000 49999999 0.496107724137931
hs1 50000000 50999999 0.469165459375
hs1 51000000 51999999 0.441302976190476
hs1 52000000 52999999 0.416131125
hs1 53000000 53999999 0.460517695652174
hs1 54000000 54999999 0.434322914893617
hs1 55000000 55999999 0.472361885057471
hs1 56000000 56999999 0.468955064102564
hs1 57000000 57999999 0.485927310344827
hs1 58000000 58999999 0.49355140625
hs1 59000000 59999999 0.467532172839506
hs1 60000000 60999999 0.488615
hs1 61000000 61999999 0.468851769230769
hs1 62000000 62999999 0.423661170212766
hs1 63000000 63999999 0.459065126436782
hs1 64000000 64999999 0.464294297297297
hs1 65000000 65999999 0.434190677419355
hs1 66000000 66999999 0.476777471428571
hs1 67000000 67999999 0.4163193125
hs1 68000000 68999999 0.465889787878788
hs1 69000000 69999999 0.47226812371134
hs1 70000000 70999999 0.462680582417583
hs1 71000000 71999999 0.4565725
hs1 72000000 72999999 0.447409847826087
hs1 73000000 73999999 0.462826725274725
hs1 74000000 74999999 0.457477522727273
hs1 75000000 75999999 0.453129215909091
hs1 76000000 76999999 0.45414876923077
hs1 77000000 77999999 0.441944422222222
hs1 78000000 78999999 0.45656250862069
hs1 79000000 79999999 0.485519416666667
hs1 80000000 80999999 0.493613278846154
hs1 81000000 81999999 0.477156634920635
hs1 82000000 82999999 0.476391623376623
hs1 83000000 83999999 0.504447581395349
hs1 84000000 84999999 0.443154065789474
hs1 85000000 85999999 0.447809617021277
hs1 86000000 86999999 0.479086240963855
hs1 87000000 87999999 0.463997102564103
hs1 88000000 88999999 0.512146709677419
hs1 89000000 89999999 0.456923697368421
hs1 90000000 90999999 0.477791572916667
hs1 91000000 91999999 0.466022987804878
hs1 92000000 92999999 0.42084409
hs1 93000000 93999999 0.437331872093023
hs1 94000000 94999999 0.445705842105263
hs1 95000000 95999999 0.480388246753247
hs1 96000000 96999999 0.500392533333333
hs1 97000000 97999999 0.500014574712644
hs1 98000000 98999999 0.4895712625
hs1 99000000 99999999 0.464159010989011
hs1 100000000 100999999 0.426681758241758
hs1 101000000 101999999 0.479867067961165
hs1 102000000 102999999 0.475060695652174
hs1 103000000 103999999 0.497764931818182
hs1 104000000 104999999 0.482495719101124
hs1 105000000 105999999 0.491126985294118
hs1 106000000 106999999 0.490329135416667
hs1 107000000 107999999 0.500453294871795
hs1 108000000 108999999 0.480228263157895
hs1 109000000 109999999 0.420691303370786
hs1 110000000 110999999 0.45769231884058
hs1 111000000 111999999 0.461109049180328
hs1 112000000 112999999 0.476576411764706
hs1 113000000 113999999 0.433037340229885
hs1 114000000 114999999 0.444981779220779
hs1 115000000 115999999 0.476633674698795
hs1 116000000 116999999 0.454940519480519
hs1 117000000 117999999 0.464401050632911
hs1 118000000 118999999 0.477986265060241
hs1 119000000 119999999 0.477955061728395
hs1 120000000 120999999 0.441034941176471
hs1 121000000 121999999 0.5511096
hs1 141000000 141999999 0.511819307692308
hs1 142000000 142999999 0.4925978
hs1 143000000 143999999 0.46932041509434
hs1 144000000 144999999 0.455577448275862
hs1 145000000 145999999 0.460191013513514
hs1 146000000 146999999 0.502715068965517
hs1 147000000 147999999 0.464647605263158
hs1 148000000 148999999 0.421923107526882
hs1 149000000 149999999 0.400773058823529
hs1 150000000 150999999 0.469414670588235
hs1 151000000 151999999 0.465527211267605
hs1 152000000 152999999 0.430942609756098
hs1 153000000 153999999 0.45809061369863
hs1 154000000 154999999 0.446187482352941
hs1 155000000 155999999 0.464240238095238
hs1 156000000 156999999 0.467588674418605
hs1 157000000 157999999 0.476109094594595
hs1 158000000 158999999 0.462673787878788
hs1 159000000 159999999 0.470164670886076
hs1 160000000 160999999 0.478142987654321
hs1 161000000 161999999 0.4874606125
hs1 162000000 162999999 0.494447028985507
hs1 163000000 163999999 0.473630226666667
hs1 164000000 164999999 0.44650861038961
hs1 165000000 165999999 0.456798382022472
hs1 166000000 166999999 0.447991408163265
hs1 167000000 167999999 0.46758259047619
hs1 168000000 168999999 0.483935452054795
hs1 169000000 169999999 0.455497649484536
hs1 170000000 170999999 0.492755772151899
hs1 171000000 171999999 0.473373875
hs1 172000000 172999999 0.450169834951456
hs1 173000000 173999999 0.476242348484848
hs1 174000000 174999999 0.476249164556962
hs1 175000000 175999999 0.528921677966102
hs1 176000000 176999999 0.453343283950617
hs1 177000000 177999999 0.425550866666667
hs1 178000000 178999999 0.447757382022472
hs1 179000000 179999999 0.473871121621622
hs1 180000000 180999999 0.461123683544304
hs1 181000000 181999999 0.440313417721519
hs1 182000000 182999999 0.47294956097561
hs1 183000000 183999999 0.456539195402299
hs1 184000000 184999999 0.476355431818182
hs1 185000000 185999999 0.476961479166666
hs1 186000000 186999999 0.48419096875
hs1 187000000 187999999 0.477524021276596
hs1 188000000 188999999 0.45680429245283
hs1 189000000 189999999 0.476655073684211
hs1 190000000 190999999 0.455966326315789
hs1 191000000 191999999 0.466161677777778
hs1 192000000 192999999 0.472095643564356
hs1 193000000 193999999 0.462528736263736
hs1 194000000 194999999 0.470055408163265
hs1 195000000 195999999 0.480959255555555
hs1 196000000 196999999 0.470895714285714
hs1 197000000 197999999 0.489280929411765
hs1 198000000 198999999 0.408679484848485
hs1 199000000 199999999 0.453104644067797
hs1 200000000 200999999 0.4378729625
hs1 201000000 201999999 0.429725813333333
hs1 202000000 202999999 0.413301860759494
hs1 203000000 203999999 0.410714971014493
hs1 204000000 204999999 0.442633137931035
hs1 205000000 205999999 0.495355254901961
hs1 206000000 206999999 0.486435438596491
hs1 207000000 207999999 0.481674474358974
hs1 208000000 208999999 0.436049213483146
hs1 209000000 209999999 0.427525908045977
hs1 210000000 210999999 0.407717790476191
hs1 211000000 211999999 0.448664447058823
hs1 212000000 212999999 0.455813934782609
hs1 213000000 213999999 0.447248344086021
hs1 214000000 214999999 0.477220130434783
hs1 215000000 215999999 0.469790392857143
hs1 216000000 216999999 0.453457788235294
hs1 217000000 217999999 0.478108114583333
hs1 218000000 218999999 0.436445769230769
hs1 219000000 219999999 0.463990906976744
hs1 220000000 220999999 0.464039168674699
hs1 221000000 221999999 0.430853240963856
hs1 222000000 222999999 0.411274261904762
hs1 223000000 223999999 0.453807894736842
hs1 224000000 224999999 0.404296161290323
hs1 225000000 225999999 0.437848693333333
hs1 226000000 226999999 0.492306792682927
hs1 227000000 227999999 0.437245376623377
hs1 228000000 228999999 0.415131304347826
hs1 229000000 229999999 0.412534891089109
hs1 230000000 230999999 0.461891512195122
hs1 231000000 231999999 0.465191460784314
hs1 232000000 232999999 0.426972829787234
hs1 233000000 233999999 0.426865805825243
hs1 234000000 234999999 0.412978429906542
hs1 235000000 235999999 0.439997099009901
hs1 236000000 236999999 0.458760980392157
hs1 237000000 237999999 0.450998494623656
hs1 238000000 238999999 0.442477575
hs1 239000000 239999999 0.462279519607843
hs1 240000000 240999999 0.447005885416667
hs1 241000000 241999999 0.456026259259259
hs1 242000000 242999999 0.444300646341463
hs1 243000000 243999999 0.4092106
hs1 244000000 244999999 0.435409672897196
hs1 245000000 245999999 0.435676631578947
hs1 246000000 246999999 0.461598428571429
hs1 247000000 247999999 0.457202333333333
