LmxM.00 0 24999 3
LmxM.00 25000 49999 6
LmxM.00 50000 74999 5
LmxM.00 75000 99999 5
LmxM.00 100000 124999 3
LmxM.00 125000 149999 4
LmxM.00 150000 174999 3
LmxM.00 175000 199999 5
LmxM.00 200000 224999 9
LmxM.00 225000 249999 5
LmxM.00 250000 274999 5
LmxM.00 275000 299999 6
LmxM.00 300000 324999 6
LmxM.00 325000 349999 5
LmxM.00 350000 374999 6
LmxM.00 375000 399999 4
LmxM.00 400000 424999 5
LmxM.00 425000 449999 8
LmxM.00 450000 474999 4
LmxM.00 475000 499999 5
LmxM.00 500000 524999 6
LmxM.01 0 24999 2
LmxM.01 25000 49999 4
LmxM.01 50000 74999 4
LmxM.01 75000 99999 3
LmxM.01 100000 124999 4
LmxM.01 125000 149999 5
LmxM.01 150000 174999 3
LmxM.01 175000 199999 3
LmxM.01 200000 224999 2
LmxM.01 225000 249999 6
LmxM.01 250000 274999 1
LmxM.02 0 24999 4
LmxM.02 25000 49999 2
LmxM.02 50000 74999 2
LmxM.02 75000 99999 2
LmxM.02 100000 124999 4
LmxM.02 125000 149999 6
LmxM.02 150000 174999 3
LmxM.02 175000 199999 1
LmxM.02 225000 249999 1
LmxM.02 250000 274999 2
LmxM.02 275000 299999 4
LmxM.03 0 24999 4
LmxM.03 25000 49999 4
LmxM.03 50000 74999 4
LmxM.03 75000 99999 3
LmxM.03 100000 124999 4
LmxM.03 125000 149999 4
LmxM.03 150000 174999 1
LmxM.03 175000 199999 1
LmxM.03 200000 224999 5
LmxM.03 275000 299999 4
LmxM.03 300000 324999 1
LmxM.03 350000 374999 3
LmxM.04 0 24999 3
LmxM.04 25000 49999 3
LmxM.04 50000 74999 5
LmxM.04 75000 99999 4
LmxM.04 100000 124999 3
LmxM.04 150000 174999 6
LmxM.04 175000 199999 4
LmxM.04 200000 224999 2
LmxM.04 250000 274999 3
LmxM.04 275000 299999 6
LmxM.04 300000 324999 4
LmxM.04 325000 349999 4
LmxM.04 350000 374999 4
LmxM.04 375000 399999 6
LmxM.04 400000 424999 2
LmxM.04 425000 449999 2
LmxM.05 0 24999 4
LmxM.05 25000 49999 3
LmxM.05 50000 74999 2
LmxM.05 75000 99999 6
LmxM.05 100000 124999 5
LmxM.05 125000 149999 3
LmxM.05 150000 174999 4
LmxM.05 175000 199999 3
LmxM.05 200000 224999 2
LmxM.05 225000 249999 2
LmxM.05 250000 274999 2
LmxM.05 275000 299999 1
LmxM.05 300000 324999 2
LmxM.05 325000 349999 3
LmxM.05 350000 374999 4
LmxM.05 375000 399999 4
LmxM.05 400000 424999 2
LmxM.05 425000 449999 4
LmxM.06 0 24999 1
LmxM.06 25000 49999 4
LmxM.06 50000 74999 2
LmxM.06 75000 99999 3
LmxM.06 100000 124999 3
LmxM.06 125000 149999 4
LmxM.06 150000 174999 1
LmxM.06 175000 199999 3
LmxM.06 200000 224999 2
LmxM.06 225000 249999 1
LmxM.06 250000 274999 1
LmxM.06 275000 299999 2
LmxM.06 325000 349999 2
LmxM.06 350000 374999 2
LmxM.06 375000 399999 2
LmxM.06 400000 424999 3
LmxM.06 425000 449999 2
LmxM.06 450000 474999 3
LmxM.07 0 24999 3
LmxM.07 25000 49999 3
LmxM.07 50000 74999 3
LmxM.07 75000 99999 3
LmxM.07 100000 124999 3
LmxM.07 150000 174999 1
LmxM.07 175000 199999 3
LmxM.07 225000 249999 4
LmxM.07 250000 274999 2
LmxM.07 275000 299999 3
LmxM.07 300000 324999 4
LmxM.07 325000 349999 1
LmxM.07 350000 374999 4
LmxM.07 400000 424999 2
LmxM.07 425000 449999 2
LmxM.07 475000 499999 3
LmxM.07 500000 524999 6
LmxM.07 525000 549999 4
LmxM.07 550000 574999 2
LmxM.08 0 24999 4
LmxM.08 25000 49999 3
LmxM.08 50000 74999 2
LmxM.08 75000 99999 2
LmxM.08 100000 124999 3
LmxM.08 125000 149999 3
LmxM.08 150000 174999 5
LmxM.08 175000 199999 2
LmxM.08 200000 224999 1
LmxM.08 225000 249999 2
LmxM.08 250000 274999 2
LmxM.08 300000 324999 2
LmxM.08 325000 349999 2
LmxM.08 350000 374999 1
LmxM.08 375000 399999 6
LmxM.08 400000 424999 2
LmxM.08 425000 449999 3
LmxM.08 450000 474999 2
LmxM.08 500000 524999 2
LmxM.08 550000 574999 2
LmxM.08 575000 599999 1
LmxM.08 600000 624999 3
LmxM.08 625000 649999 3
LmxM.08 700000 724999 4
LmxM.08 725000 749999 3
LmxM.08 775000 799999 1
LmxM.08 800000 824999 4
LmxM.08 825000 849999 3
LmxM.08 850000 874999 1
LmxM.08 875000 899999 3
LmxM.08 900000 924999 5
LmxM.08 925000 949999 1
LmxM.08 950000 974999 1
LmxM.08 975000 999999 1
LmxM.08 1000000 1024999 1
LmxM.08 1025000 1049999 1
LmxM.08 1050000 1074999 7
LmxM.08 1075000 1099999 1
LmxM.08 1100000 1124999 2
LmxM.08 1125000 1149999 4
LmxM.08 1150000 1174999 6
LmxM.08 1175000 1199999 3
LmxM.08 1200000 1224999 1
LmxM.08 1225000 1249999 1
LmxM.08 1250000 1274999 3
LmxM.08 1275000 1299999 1
LmxM.08 1325000 1349999 2
LmxM.08 1350000 1374999 3
LmxM.08 1375000 1399999 1
LmxM.08 1425000 1449999 5
LmxM.08 1450000 1474999 4
LmxM.08 1475000 1499999 3
LmxM.08 1500000 1524999 3
LmxM.08 1525000 1549999 3
LmxM.08 1575000 1599999 4
LmxM.08 1600000 1624999 2
LmxM.08 1650000 1674999 3
LmxM.09 0 24999 5
LmxM.09 25000 49999 1
LmxM.09 50000 74999 3
LmxM.09 75000 99999 4
LmxM.09 100000 124999 2
LmxM.09 125000 149999 2
LmxM.09 150000 174999 2
LmxM.09 175000 199999 1
LmxM.09 200000 224999 3
LmxM.09 225000 249999 1
LmxM.09 250000 274999 3
LmxM.09 275000 299999 1
LmxM.09 300000 324999 4
LmxM.09 325000 349999 6
LmxM.09 350000 374999 1
LmxM.09 375000 399999 1
LmxM.09 400000 424999 5
LmxM.09 450000 474999 2
LmxM.09 475000 499999 2
LmxM.09 500000 524999 2
LmxM.09 525000 549999 2
LmxM.10 0 24999 3
LmxM.10 25000 49999 2
LmxM.10 50000 74999 3
LmxM.10 75000 99999 1
LmxM.10 100000 124999 2
LmxM.10 125000 149999 2
LmxM.10 150000 174999 3
LmxM.10 175000 199999 6
LmxM.10 200000 224999 1
LmxM.10 225000 249999 1
LmxM.10 250000 274999 4
LmxM.10 300000 324999 3
LmxM.10 350000 374999 4
LmxM.10 375000 399999 4
LmxM.10 400000 424999 5
LmxM.10 425000 449999 1
LmxM.10 450000 474999 3
LmxM.10 500000 524999 3
LmxM.11 0 24999 3
LmxM.11 25000 49999 3
LmxM.11 50000 74999 6
LmxM.11 75000 99999 1
LmxM.11 100000 124999 2
LmxM.11 125000 149999 3
LmxM.11 150000 174999 2
LmxM.11 175000 199999 3
LmxM.11 200000 224999 4
LmxM.11 225000 249999 2
LmxM.11 250000 274999 2
LmxM.11 275000 299999 2
LmxM.11 325000 349999 1
LmxM.11 350000 374999 2
LmxM.11 375000 399999 5
LmxM.11 400000 424999 1
LmxM.11 425000 449999 4
LmxM.11 450000 474999 4
LmxM.11 475000 499999 4
LmxM.11 500000 524999 3
LmxM.11 525000 549999 1
LmxM.12 0 24999 3
LmxM.12 25000 49999 2
LmxM.12 50000 74999 3
LmxM.12 75000 99999 1
LmxM.12 100000 124999 1
LmxM.12 150000 174999 1
LmxM.12 250000 274999 1
LmxM.12 275000 299999 1
LmxM.12 300000 324999 1
LmxM.12 325000 349999 2
LmxM.12 350000 374999 6
LmxM.12 375000 399999 3
LmxM.12 400000 424999 2
LmxM.12 450000 474999 1
LmxM.12 475000 499999 2
LmxM.13 0 24999 4
LmxM.13 25000 49999 2
LmxM.13 50000 74999 3
LmxM.13 75000 99999 3
LmxM.13 100000 124999 3
LmxM.13 125000 149999 1
LmxM.13 150000 174999 3
LmxM.13 175000 199999 1
LmxM.13 200000 224999 3
LmxM.13 225000 249999 1
LmxM.13 250000 274999 1
LmxM.13 275000 299999 2
LmxM.13 300000 324999 3
LmxM.13 325000 349999 2
LmxM.13 350000 374999 4
LmxM.13 375000 399999 5
LmxM.13 400000 424999 2
LmxM.13 450000 474999 1
LmxM.13 475000 499999 2
LmxM.13 500000 524999 2
LmxM.13 525000 549999 3
LmxM.13 550000 574999 3
LmxM.13 575000 599999 3
LmxM.13 600000 624999 4
LmxM.14 0 24999 3
LmxM.14 25000 49999 4
LmxM.14 75000 99999 3
LmxM.14 100000 124999 1
LmxM.14 150000 174999 1
LmxM.14 175000 199999 2
LmxM.14 200000 224999 1
LmxM.14 225000 249999 8
LmxM.14 250000 274999 4
LmxM.14 275000 299999 1
LmxM.14 300000 324999 3
LmxM.14 325000 349999 3
LmxM.14 350000 374999 3
LmxM.14 375000 399999 2
LmxM.14 400000 424999 1
LmxM.14 425000 449999 2
LmxM.14 450000 474999 1
LmxM.14 475000 499999 3
LmxM.14 500000 524999 2
LmxM.14 525000 549999 3
LmxM.14 550000 574999 4
LmxM.14 575000 599999 1
LmxM.14 600000 624999 2
LmxM.15 0 24999 3
LmxM.15 25000 49999 3
LmxM.15 50000 74999 2
LmxM.15 75000 99999 4
LmxM.15 100000 124999 4
LmxM.15 125000 149999 3
LmxM.15 150000 174999 1
LmxM.15 175000 199999 3
LmxM.15 275000 299999 1
LmxM.15 300000 324999 2
LmxM.15 350000 374999 3
LmxM.15 375000 399999 6
LmxM.15 400000 424999 5
LmxM.15 425000 449999 4
LmxM.15 450000 474999 2
LmxM.15 475000 499999 4
LmxM.15 500000 524999 3
LmxM.15 525000 549999 6
LmxM.15 550000 574999 3
LmxM.16 0 24999 2
LmxM.16 25000 49999 2
LmxM.16 50000 74999 2
LmxM.16 75000 99999 3
LmxM.16 100000 124999 2
LmxM.16 125000 149999 1
LmxM.16 150000 174999 3
LmxM.16 175000 199999 5
LmxM.16 200000 224999 4
LmxM.16 225000 249999 1
LmxM.16 250000 274999 2
LmxM.16 275000 299999 1
LmxM.16 300000 324999 2
LmxM.16 325000 349999 4
LmxM.16 350000 374999 1
LmxM.16 425000 449999 2
LmxM.16 450000 474999 2
LmxM.16 500000 524999 2
LmxM.16 525000 549999 1
LmxM.16 550000 574999 4
LmxM.16 575000 599999 2
LmxM.16 625000 649999 4
LmxM.16 650000 674999 1
LmxM.17 0 24999 3
LmxM.17 25000 49999 6
LmxM.17 50000 74999 1
LmxM.17 75000 99999 3
LmxM.17 100000 124999 1
LmxM.17 125000 149999 3
LmxM.17 150000 174999 2
LmxM.17 225000 249999 1
LmxM.17 250000 274999 1
LmxM.17 275000 299999 2
LmxM.17 325000 349999 1
LmxM.17 350000 374999 3
LmxM.17 375000 399999 1
LmxM.17 400000 424999 1
LmxM.17 425000 449999 1
LmxM.17 475000 499999 3
LmxM.17 500000 524999 4
LmxM.17 525000 549999 1
LmxM.17 550000 574999 1
LmxM.17 575000 599999 1
LmxM.17 600000 624999 1
LmxM.17 625000 649999 3
LmxM.17 650000 674999 1
LmxM.18 0 24999 2
LmxM.18 25000 49999 2
LmxM.18 75000 99999 1
LmxM.18 100000 124999 3
LmxM.18 125000 149999 2
LmxM.18 175000 199999 5
LmxM.18 200000 224999 2
LmxM.18 225000 249999 3
LmxM.18 250000 274999 2
LmxM.18 275000 299999 1
LmxM.18 300000 324999 4
LmxM.18 325000 349999 1
LmxM.18 350000 374999 2
LmxM.18 375000 399999 1
LmxM.18 400000 424999 3
LmxM.18 425000 449999 4
LmxM.18 450000 474999 2
LmxM.18 475000 499999 2
LmxM.18 525000 549999 1
LmxM.18 550000 574999 2
LmxM.18 575000 599999 3
LmxM.18 600000 624999 1
LmxM.18 625000 649999 4
LmxM.18 650000 674999 2
LmxM.18 675000 699999 3
LmxM.19 0 24999 4
LmxM.19 25000 49999 4
LmxM.19 50000 74999 3
LmxM.19 75000 99999 2
LmxM.19 100000 124999 4
LmxM.19 125000 149999 2
LmxM.19 150000 174999 4
LmxM.19 200000 224999 1
LmxM.19 225000 249999 1
LmxM.19 250000 274999 2
LmxM.19 275000 299999 4
LmxM.19 300000 324999 3
LmxM.19 325000 349999 10
LmxM.19 350000 374999 3
LmxM.19 375000 399999 3
LmxM.19 400000 424999 2
LmxM.19 425000 449999 2
LmxM.19 475000 499999 1
LmxM.19 500000 524999 2
LmxM.19 525000 549999 2
LmxM.19 550000 574999 3
LmxM.19 575000 599999 4
LmxM.19 600000 624999 4
LmxM.19 625000 649999 5
LmxM.20 0 24999 6
LmxM.20 25000 49999 4
LmxM.20 50000 74999 7
LmxM.20 75000 99999 5
LmxM.20 100000 124999 1
LmxM.20 125000 149999 6
LmxM.20 150000 174999 5
LmxM.20 175000 199999 2
LmxM.20 200000 224999 2
LmxM.20 275000 299999 1
LmxM.20 300000 324999 4
LmxM.20 325000 349999 3
LmxM.20 350000 374999 2
LmxM.20 375000 399999 2
LmxM.20 400000 424999 4
LmxM.20 425000 449999 2
LmxM.20 450000 474999 4
LmxM.20 475000 499999 3
LmxM.20 500000 524999 1
LmxM.20 550000 574999 1
LmxM.20 600000 624999 4
LmxM.20 625000 649999 4
LmxM.20 650000 674999 1
LmxM.20 675000 699999 2
LmxM.20 700000 724999 3
LmxM.20 725000 749999 2
LmxM.20 750000 774999 5
LmxM.20 775000 799999 3
LmxM.20 800000 824999 2
LmxM.20 825000 849999 2
LmxM.20 850000 874999 1
LmxM.20 875000 899999 3
LmxM.20 900000 924999 3
LmxM.20 925000 949999 2
LmxM.20 950000 974999 3
LmxM.20 975000 999999 3
LmxM.20 1000000 1024999 3
LmxM.20 1025000 1049999 4
LmxM.20 1050000 1074999 2
LmxM.20 1075000 1099999 2
LmxM.20 1125000 1149999 1
LmxM.20 1150000 1174999 3
LmxM.20 1175000 1199999 1
LmxM.20 1200000 1224999 9
LmxM.20 1225000 1249999 3
LmxM.20 1250000 1274999 4
LmxM.20 1275000 1299999 2
LmxM.20 1300000 1324999 4
LmxM.20 1325000 1349999 3
LmxM.20 1350000 1374999 3
LmxM.20 1375000 1399999 3
LmxM.20 1400000 1424999 4
LmxM.20 1425000 1449999 3
LmxM.20 1450000 1474999 4
LmxM.20 1500000 1524999 3
LmxM.20 1525000 1549999 2
LmxM.20 1550000 1574999 3
LmxM.20 1575000 1599999 1
LmxM.20 1625000 1649999 1
LmxM.20 1650000 1674999 1
LmxM.20 1675000 1699999 4
LmxM.20 1700000 1724999 5
LmxM.20 1725000 1749999 3
LmxM.20 1775000 1799999 2
LmxM.20 1800000 1824999 1
LmxM.20 1875000 1899999 1
LmxM.20 1900000 1924999 2
LmxM.20 1925000 1949999 2
LmxM.20 1950000 1974999 3
LmxM.20 1975000 1999999 1
LmxM.20 2000000 2024999 2
LmxM.20 2025000 2049999 2
LmxM.20 2050000 2074999 5
LmxM.20 2100000 2124999 1
LmxM.20 2125000 2149999 2
LmxM.20 2150000 2174999 1
LmxM.20 2175000 2199999 1
LmxM.20 2200000 2224999 3
LmxM.20 2225000 2249999 2
LmxM.20 2250000 2274999 2
LmxM.20 2300000 2324999 3
LmxM.20 2350000 2374999 5
LmxM.20 2375000 2399999 5
LmxM.20 2400000 2424999 1
LmxM.20 2425000 2449999 2
LmxM.20 2450000 2474999 3
LmxM.20 2475000 2499999 2
LmxM.20 2525000 2549999 4
LmxM.20 2550000 2574999 3
LmxM.20 2575000 2599999 3
LmxM.20 2600000 2624999 5
LmxM.20 2625000 2649999 6
LmxM.20 2650000 2674999 3
LmxM.20 2700000 2724999 1
LmxM.20 2725000 2749999 1
LmxM.20 2800000 2824999 3
LmxM.20 2825000 2849999 2
LmxM.20 2850000 2874999 3
LmxM.20 2925000 2949999 1
LmxM.20 2950000 2974999 5
LmxM.20 2975000 2999999 1
LmxM.20 3000000 3024999 1
LmxM.20 3025000 3049999 1
LmxM.20 3050000 3074999 1
LmxM.20 3100000 3124999 2
LmxM.20 3125000 3149999 3
LmxM.20 3150000 3174999 3
LmxM.20 3175000 3199999 1
LmxM.20 3200000 3224999 6
LmxM.20 3225000 3249999 2
LmxM.20 3250000 3274999 1
LmxM.20 3275000 3299999 3
LmxM.20 3300000 3324999 7
LmxM.21 0 24999 3
LmxM.21 25000 49999 4
LmxM.21 50000 74999 4
LmxM.21 75000 99999 2
LmxM.21 100000 124999 3
LmxM.21 125000 149999 4
LmxM.21 150000 174999 2
LmxM.21 175000 199999 6
LmxM.21 200000 224999 5
LmxM.21 225000 249999 2
LmxM.21 250000 274999 1
LmxM.21 275000 299999 1
LmxM.21 300000 324999 2
LmxM.21 350000 374999 4
LmxM.21 400000 424999 6
LmxM.21 425000 449999 2
LmxM.21 450000 474999 3
LmxM.21 475000 499999 1
LmxM.21 500000 524999 1
LmxM.21 525000 549999 1
LmxM.21 550000 574999 3
LmxM.21 600000 624999 2
LmxM.21 625000 649999 2
LmxM.21 675000 699999 7
LmxM.21 700000 724999 9
LmxM.21 725000 749999 2
LmxM.22 0 24999 3
LmxM.22 25000 49999 2
LmxM.22 75000 99999 1
LmxM.22 125000 149999 2
LmxM.22 150000 174999 2
LmxM.22 175000 199999 2
LmxM.22 200000 224999 4
LmxM.22 225000 249999 2
LmxM.22 250000 274999 5
LmxM.22 300000 324999 3
LmxM.22 325000 349999 1
LmxM.22 350000 374999 1
LmxM.22 375000 399999 1
LmxM.22 400000 424999 1
LmxM.22 450000 474999 2
LmxM.22 475000 499999 1
LmxM.22 500000 524999 2
LmxM.22 550000 574999 2
LmxM.22 575000 599999 5
LmxM.22 600000 624999 6
LmxM.22 625000 649999 2
LmxM.22 650000 674999 1
LmxM.22 675000 699999 1
LmxM.23 0 24999 5
LmxM.23 25000 49999 2
LmxM.23 50000 74999 2
LmxM.23 75000 99999 5
LmxM.23 100000 124999 2
LmxM.23 125000 149999 2
LmxM.23 150000 174999 3
LmxM.23 175000 199999 3
LmxM.23 200000 224999 2
LmxM.23 225000 249999 2
LmxM.23 250000 274999 1
LmxM.23 300000 324999 3
LmxM.23 325000 349999 1
LmxM.23 350000 374999 2
LmxM.23 375000 399999 2
LmxM.23 400000 424999 2
LmxM.23 425000 449999 1
LmxM.23 475000 499999 5
LmxM.23 525000 549999 4
LmxM.23 550000 574999 1
LmxM.23 575000 599999 1
LmxM.23 600000 624999 2
LmxM.23 625000 649999 3
LmxM.23 650000 674999 3
LmxM.23 675000 699999 1
LmxM.23 700000 724999 2
LmxM.23 725000 749999 1
LmxM.24 0 24999 4
LmxM.24 25000 49999 6
LmxM.24 50000 74999 4
LmxM.24 75000 99999 1
LmxM.24 100000 124999 4
LmxM.24 125000 149999 1
LmxM.24 150000 174999 2
LmxM.24 175000 199999 1
LmxM.24 200000 224999 4
LmxM.24 225000 249999 2
LmxM.24 250000 274999 4
LmxM.24 275000 299999 3
LmxM.24 300000 324999 4
LmxM.24 325000 349999 1
LmxM.24 350000 374999 2
LmxM.24 375000 399999 3
LmxM.24 400000 424999 2
LmxM.24 425000 449999 3
LmxM.24 450000 474999 4
LmxM.24 475000 499999 2
LmxM.24 500000 524999 2
LmxM.24 525000 549999 1
LmxM.24 550000 574999 1
LmxM.24 575000 599999 2
LmxM.24 600000 624999 2
LmxM.24 625000 649999 2
LmxM.24 650000 674999 3
LmxM.24 675000 699999 3
LmxM.24 700000 724999 2
LmxM.24 725000 749999 1
LmxM.24 750000 774999 6
LmxM.24 775000 799999 2
LmxM.24 800000 824999 5
LmxM.24 825000 849999 2
LmxM.25 0 24999 2
LmxM.25 25000 49999 4
LmxM.25 50000 74999 2
LmxM.25 75000 99999 1
LmxM.25 125000 149999 1
LmxM.25 150000 174999 2
LmxM.25 175000 199999 2
LmxM.25 200000 224999 1
LmxM.25 225000 249999 2
LmxM.25 250000 274999 4
LmxM.25 325000 349999 3
LmxM.25 350000 374999 1
LmxM.25 375000 399999 3
LmxM.25 400000 424999 1
LmxM.25 425000 449999 2
LmxM.25 450000 474999 4
LmxM.25 500000 524999 3
LmxM.25 525000 549999 2
LmxM.25 550000 574999 2
LmxM.25 575000 599999 2
LmxM.25 600000 624999 2
LmxM.25 650000 674999 2
LmxM.25 675000 699999 1
LmxM.25 725000 749999 3
LmxM.25 750000 774999 2
LmxM.25 775000 799999 3
LmxM.25 800000 824999 2
LmxM.25 825000 849999 1
LmxM.25 850000 874999 2
LmxM.25 875000 899999 4
LmxM.26 0 24999 5
LmxM.26 25000 49999 4
LmxM.26 50000 74999 3
LmxM.26 75000 99999 3
LmxM.26 100000 124999 4
LmxM.26 125000 149999 2
LmxM.26 150000 174999 4
LmxM.26 200000 224999 2
LmxM.26 225000 249999 5
LmxM.26 275000 299999 2
LmxM.26 375000 399999 2
LmxM.26 425000 449999 3
LmxM.26 450000 474999 1
LmxM.26 500000 524999 1
LmxM.26 525000 549999 1
LmxM.26 550000 574999 5
LmxM.26 575000 599999 5
LmxM.26 700000 724999 2
LmxM.26 750000 774999 2
LmxM.26 775000 799999 1
LmxM.26 825000 849999 3
LmxM.26 850000 874999 2
LmxM.26 875000 899999 3
LmxM.26 900000 924999 1
LmxM.26 925000 949999 3
LmxM.26 950000 974999 3
LmxM.26 975000 999999 1
LmxM.26 1000000 1024999 3
LmxM.26 1025000 1049999 1
LmxM.27 0 24999 4
LmxM.27 25000 49999 1
LmxM.27 50000 74999 4
LmxM.27 75000 99999 2
LmxM.27 100000 124999 3
LmxM.27 125000 149999 3
LmxM.27 150000 174999 1
LmxM.27 175000 199999 1
LmxM.27 200000 224999 3
LmxM.27 250000 274999 2
LmxM.27 275000 299999 3
LmxM.27 300000 324999 1
LmxM.27 325000 349999 1
LmxM.27 350000 374999 1
LmxM.27 375000 399999 1
LmxM.27 400000 424999 1
LmxM.27 425000 449999 3
LmxM.27 450000 474999 2
LmxM.27 475000 499999 2
LmxM.27 500000 524999 5
LmxM.27 525000 549999 1
LmxM.27 550000 574999 3
LmxM.27 575000 599999 1
LmxM.27 600000 624999 3
LmxM.27 625000 649999 2
LmxM.27 650000 674999 1
LmxM.27 675000 699999 2
LmxM.27 700000 724999 1
LmxM.27 725000 749999 3
LmxM.27 750000 774999 3
LmxM.27 775000 799999 3
LmxM.27 800000 824999 1
LmxM.27 825000 849999 4
LmxM.27 850000 874999 3
LmxM.27 875000 899999 1
LmxM.27 900000 924999 2
LmxM.27 950000 974999 3
LmxM.27 975000 999999 2
LmxM.27 1000000 1024999 7
LmxM.27 1025000 1049999 1
LmxM.28 0 24999 1
LmxM.28 25000 49999 6
LmxM.28 50000 74999 2
LmxM.28 75000 99999 2
LmxM.28 100000 124999 2
LmxM.28 125000 149999 1
LmxM.28 150000 174999 2
LmxM.28 175000 199999 5
LmxM.28 200000 224999 2
LmxM.28 225000 249999 4
LmxM.28 250000 274999 1
LmxM.28 275000 299999 4
LmxM.28 300000 324999 3
LmxM.28 325000 349999 2
LmxM.28 350000 374999 3
LmxM.28 400000 424999 1
LmxM.28 425000 449999 4
LmxM.28 450000 474999 2
LmxM.28 475000 499999 5
LmxM.28 500000 524999 3
LmxM.28 525000 549999 4
LmxM.28 550000 574999 2
LmxM.28 575000 599999 2
LmxM.28 600000 624999 1
LmxM.28 625000 649999 1
LmxM.28 650000 674999 3
LmxM.28 675000 699999 3
LmxM.28 700000 724999 1
LmxM.28 725000 749999 2
LmxM.28 750000 774999 2
LmxM.28 775000 799999 1
LmxM.28 800000 824999 6
LmxM.28 825000 849999 2
LmxM.28 850000 874999 5
LmxM.28 875000 899999 2
LmxM.28 900000 924999 3
LmxM.28 925000 949999 4
LmxM.28 950000 974999 3
LmxM.28 975000 999999 4
LmxM.28 1000000 1024999 4
LmxM.28 1025000 1049999 5
LmxM.28 1050000 1074999 2
LmxM.28 1075000 1099999 3
LmxM.28 1100000 1124999 3
LmxM.28 1125000 1149999 1
LmxM.29 0 24999 2
LmxM.29 25000 49999 3
LmxM.29 50000 74999 4
LmxM.29 75000 99999 2
LmxM.29 100000 124999 5
LmxM.29 125000 149999 4
LmxM.29 150000 174999 3
LmxM.29 175000 199999 2
LmxM.29 200000 224999 7
LmxM.29 225000 249999 5
LmxM.29 250000 274999 3
LmxM.29 275000 299999 3
LmxM.29 300000 324999 1
LmxM.29 325000 349999 4
LmxM.29 350000 374999 3
LmxM.29 400000 424999 4
LmxM.29 425000 449999 2
LmxM.29 450000 474999 3
LmxM.29 475000 499999 2
LmxM.29 500000 524999 4
LmxM.29 525000 549999 1
LmxM.29 550000 574999 1
LmxM.29 575000 599999 2
LmxM.29 600000 624999 2
LmxM.29 625000 649999 2
LmxM.29 650000 674999 2
LmxM.29 675000 699999 3
LmxM.29 700000 724999 3
LmxM.29 725000 749999 2
LmxM.29 775000 799999 2
LmxM.29 800000 824999 2
LmxM.29 825000 849999 2
LmxM.29 850000 874999 4
LmxM.29 875000 899999 1
LmxM.29 900000 924999 6
LmxM.29 925000 949999 1
LmxM.29 950000 974999 4
LmxM.29 975000 999999 1
LmxM.29 1000000 1024999 4
LmxM.29 1025000 1049999 2
LmxM.29 1050000 1074999 3
LmxM.29 1075000 1099999 4
LmxM.29 1100000 1124999 3
LmxM.29 1125000 1149999 2
LmxM.29 1150000 1174999 3
LmxM.29 1175000 1199999 3
LmxM.29 1200000 1224999 2
LmxM.29 1225000 1249999 3
LmxM.29 1250000 1274999 4
LmxM.29 1275000 1299999 6
LmxM.29 1300000 1324999 4
LmxM.30 0 24999 4
LmxM.30 25000 49999 5
LmxM.30 50000 74999 1
LmxM.30 75000 99999 3
LmxM.30 100000 124999 2
LmxM.30 125000 149999 4
LmxM.30 150000 174999 2
LmxM.30 200000 224999 4
LmxM.30 225000 249999 2
LmxM.30 250000 274999 1
LmxM.30 275000 299999 2
LmxM.30 300000 324999 1
LmxM.30 325000 349999 3
LmxM.30 350000 374999 1
LmxM.30 400000 424999 1
LmxM.30 425000 449999 2
LmxM.30 475000 499999 1
LmxM.30 500000 524999 3
LmxM.30 625000 649999 1
LmxM.30 675000 699999 1
LmxM.30 725000 749999 1
LmxM.30 750000 774999 4
LmxM.30 800000 824999 1
LmxM.30 825000 849999 3
LmxM.30 875000 899999 1
LmxM.30 900000 924999 4
LmxM.30 925000 949999 3
LmxM.30 950000 974999 3
LmxM.30 1025000 1049999 1
LmxM.30 1075000 1099999 3
LmxM.30 1100000 1124999 6
LmxM.30 1150000 1174999 1
LmxM.30 1175000 1199999 5
LmxM.30 1200000 1224999 1
LmxM.30 1225000 1249999 5
LmxM.30 1250000 1274999 1
LmxM.30 1275000 1299999 2
LmxM.30 1300000 1324999 3
LmxM.30 1325000 1349999 5
LmxM.30 1350000 1374999 1
LmxM.30 1375000 1399999 3
LmxM.30 1400000 1424999 4
LmxM.30 1425000 1449999 3
LmxM.31 0 24999 3
LmxM.31 25000 49999 2
LmxM.31 50000 74999 2
LmxM.31 75000 99999 1
LmxM.31 125000 149999 1
LmxM.31 150000 174999 4
LmxM.31 175000 199999 2
LmxM.31 200000 224999 3
LmxM.31 225000 249999 3
LmxM.31 250000 274999 3
LmxM.31 275000 299999 2
LmxM.31 300000 324999 1
LmxM.31 325000 349999 3
LmxM.31 350000 374999 2
LmxM.31 375000 399999 1
LmxM.31 400000 424999 4
LmxM.31 425000 449999 3
LmxM.31 450000 474999 3
LmxM.31 475000 499999 3
LmxM.31 500000 524999 2
LmxM.31 525000 549999 1
LmxM.31 550000 574999 1
LmxM.31 575000 599999 1
LmxM.31 600000 624999 2
LmxM.31 625000 649999 1
LmxM.31 650000 674999 3
LmxM.31 675000 699999 1
LmxM.31 700000 724999 4
LmxM.31 750000 774999 2
LmxM.31 775000 799999 4
LmxM.31 850000 874999 3
LmxM.31 875000 899999 1
LmxM.31 900000 924999 3
LmxM.31 925000 949999 1
LmxM.31 975000 999999 2
LmxM.31 1000000 1024999 1
LmxM.31 1025000 1049999 2
LmxM.31 1050000 1074999 2
LmxM.31 1075000 1099999 3
LmxM.31 1100000 1124999 1
LmxM.31 1125000 1149999 2
LmxM.31 1150000 1174999 5
LmxM.31 1175000 1199999 2
LmxM.31 1200000 1224999 2
LmxM.31 1225000 1249999 1
LmxM.31 1275000 1299999 4
LmxM.31 1300000 1324999 3
LmxM.31 1325000 1349999 1
LmxM.31 1375000 1399999 3
LmxM.31 1400000 1424999 2
LmxM.31 1425000 1449999 3
LmxM.31 1450000 1474999 1
LmxM.31 1475000 1499999 3
LmxM.31 1500000 1524999 2
LmxM.32 25000 49999 2
LmxM.32 50000 74999 2
LmxM.32 75000 99999 2
LmxM.32 100000 124999 6
LmxM.32 125000 149999 2
LmxM.32 150000 174999 2
LmxM.32 225000 249999 3
LmxM.32 250000 274999 1
LmxM.32 275000 299999 3
LmxM.32 300000 324999 2
LmxM.32 325000 349999 1
LmxM.32 350000 374999 1
LmxM.32 375000 399999 2
LmxM.32 400000 424999 1
LmxM.32 425000 449999 1
LmxM.32 475000 499999 4
LmxM.32 500000 524999 2
LmxM.32 525000 549999 1
LmxM.32 575000 599999 1
LmxM.32 600000 624999 2
LmxM.32 625000 649999 3
LmxM.32 650000 674999 4
LmxM.32 675000 699999 4
LmxM.32 700000 724999 4
LmxM.32 725000 749999 2
LmxM.32 750000 774999 3
LmxM.32 800000 824999 4
LmxM.32 825000 849999 1
LmxM.32 875000 899999 1
LmxM.32 900000 924999 3
LmxM.32 925000 949999 1
LmxM.32 950000 974999 3
LmxM.32 975000 999999 1
LmxM.32 1000000 1024999 4
LmxM.32 1025000 1049999 3
LmxM.32 1050000 1074999 2
LmxM.32 1075000 1099999 2
LmxM.32 1100000 1124999 2
LmxM.32 1125000 1149999 2
LmxM.32 1150000 1174999 2
LmxM.32 1325000 1349999 2
LmxM.32 1350000 1374999 1
LmxM.32 1375000 1399999 5
LmxM.32 1400000 1424999 2
LmxM.33 0 24999 3
LmxM.33 25000 49999 5
LmxM.33 50000 74999 1
LmxM.33 75000 99999 1
LmxM.33 100000 124999 2
LmxM.33 125000 149999 2
LmxM.33 150000 174999 1
LmxM.33 175000 199999 3
LmxM.33 200000 224999 2
LmxM.33 225000 249999 2
LmxM.33 250000 274999 1
LmxM.33 275000 299999 1
LmxM.33 325000 349999 4
LmxM.33 350000 374999 7
LmxM.33 375000 399999 3
LmxM.33 400000 424999 3
LmxM.33 425000 449999 2
LmxM.33 450000 474999 2
LmxM.33 500000 524999 1
LmxM.33 525000 549999 2
LmxM.33 600000 624999 3
LmxM.33 625000 649999 1
LmxM.33 650000 674999 2
LmxM.33 675000 699999 4
LmxM.33 700000 724999 1
LmxM.33 725000 749999 1
LmxM.33 750000 774999 4
LmxM.33 775000 799999 2
LmxM.33 825000 849999 4
LmxM.33 850000 874999 1
LmxM.33 875000 899999 2
LmxM.33 900000 924999 1
LmxM.33 925000 949999 2
LmxM.33 975000 999999 2
LmxM.33 1000000 1024999 4
LmxM.33 1025000 1049999 1
LmxM.33 1050000 1074999 2
LmxM.33 1075000 1099999 2
LmxM.33 1100000 1124999 7
LmxM.33 1150000 1174999 2
LmxM.33 1175000 1199999 3
LmxM.33 1225000 1249999 1
LmxM.33 1250000 1274999 2
LmxM.33 1275000 1299999 2
LmxM.33 1300000 1324999 2
LmxM.33 1325000 1349999 2
LmxM.33 1350000 1374999 2
LmxM.33 1375000 1399999 6
LmxM.33 1400000 1424999 1
LmxM.33 1425000 1449999 5
LmxM.33 1450000 1474999 1
LmxM.33 1475000 1499999 2
LmxM.33 1500000 1524999 3
LmxM.33 1525000 1549999 2
LmxM.33 1550000 1574999 1
LmxM.33 1575000 1599999 1
LmxM.33 1600000 1624999 6
LmxM.33 1625000 1649999 2
LmxM.34 0 24999 7
LmxM.34 25000 49999 1
LmxM.34 50000 74999 2
LmxM.34 75000 99999 4
LmxM.34 100000 124999 1
LmxM.34 125000 149999 1
LmxM.34 175000 199999 2
LmxM.34 200000 224999 2
LmxM.34 225000 249999 2
LmxM.34 250000 274999 1
LmxM.34 275000 299999 4
LmxM.34 300000 324999 2
LmxM.34 350000 374999 4
LmxM.34 400000 424999 1
LmxM.34 425000 449999 4
LmxM.34 450000 474999 5
LmxM.34 475000 499999 3
LmxM.34 500000 524999 2
LmxM.34 525000 549999 3
LmxM.34 550000 574999 2
LmxM.34 575000 599999 2
LmxM.34 625000 649999 6
LmxM.34 650000 674999 3
LmxM.34 675000 699999 6
LmxM.34 700000 724999 2
LmxM.34 725000 749999 2
LmxM.34 750000 774999 2
LmxM.34 775000 799999 2
LmxM.34 800000 824999 5
LmxM.34 825000 849999 1
LmxM.34 850000 874999 1
LmxM.34 875000 899999 2
LmxM.34 900000 924999 2
LmxM.34 950000 974999 2
LmxM.34 975000 999999 1
LmxM.34 1000000 1024999 2
LmxM.34 1025000 1049999 2
LmxM.34 1075000 1099999 1
LmxM.34 1125000 1149999 4
LmxM.34 1150000 1174999 2
LmxM.34 1175000 1199999 1
LmxM.34 1200000 1224999 2
LmxM.34 1225000 1249999 1
LmxM.34 1250000 1274999 5
LmxM.34 1275000 1299999 1
LmxM.34 1300000 1324999 1
LmxM.34 1325000 1349999 1
LmxM.34 1350000 1374999 3
LmxM.34 1375000 1399999 1
LmxM.34 1400000 1424999 4
LmxM.34 1425000 1449999 6
LmxM.34 1450000 1474999 2
LmxM.34 1475000 1499999 2
LmxM.34 1500000 1524999 3
LmxM.34 1525000 1549999 1
LmxM.34 1550000 1574999 1
LmxM.34 1600000 1624999 1
LmxM.34 1625000 1649999 1
LmxM.34 1650000 1674999 2
LmxM.34 1675000 1699999 2
LmxM.34 1700000 1724999 3
LmxM.34 1725000 1749999 6
LmxM.34 1750000 1774999 2
LmxM.34 1775000 1799999 3
LmxM.34 1825000 1849999 2
LmxM.34 1850000 1874999 1
LmxM.34 1875000 1899999 2
LmxM.34 1900000 1924999 3
LmxM.34 1925000 1949999 5
