hsX 0 11999999 0.307262
hsX 12000000 23999999 0.445716
hsX 24000000 35999999 0.378056
hsX 36000000 47999999 0.291826
hsX 48000000 59999999 0.315515
hsX 60000000 71999999 0.312056
hsX 72000000 83999999 0.225895
hsX 84000000 95999999 0.194446
hsX 96000000 107999999 0.457979
hsX 108000000 119999999 0.364874
hsX 120000000 131999999 0.235656
hsX 132000000 143999999 0.214334
hsX 144000000 155999999 0.284575
hs12 0 11999999 0.569674
hs12 12000000 23999999 0.420783
hs12 24000000 35999999 0.369295
hs12 36000000 47999999 0.410856
hs12 48000000 59999999 0.387966
hs12 60000000 71999999 0.426257
hs12 72000000 83999999 0.324864
hs12 84000000 95999999 0.302920
hs12 96000000 107999999 0.540904
hs12 108000000 119999999 0.526693
hs12 120000000 131999999 0.492315
hs12 132000000 143999999 0.013709
hs22 0 11999999 0.000000
hs22 12000000 23999999 0.360497
hs22 24000000 35999999 0.600183
hs22 36000000 47999999 0.574210
hs22 48000000 59999999 0.065019
hs11 0 11999999 0.514306
hs11 12000000 23999999 0.496311
hs11 24000000 35999999 0.377647
hs11 36000000 47999999 0.281748
hs11 48000000 59999999 0.170321
hs11 60000000 71999999 0.535412
hs11 72000000 83999999 0.526486
hs11 84000000 95999999 0.442061
hs11 96000000 107999999 0.402828
hs11 108000000 119999999 0.400017
hs11 120000000 131999999 0.446516
hs11 132000000 143999999 0.107089
hs10 0 11999999 0.298945
hs10 12000000 23999999 0.551517
hs10 24000000 35999999 0.509272
hs10 36000000 47999999 0.160287
hs10 48000000 59999999 0.413672
hs10 60000000 71999999 0.505391
hs10 72000000 83999999 0.529227
hs10 84000000 95999999 0.489412
hs10 96000000 107999999 0.637163
hs10 108000000 119999999 0.400785
hs10 120000000 131999999 0.414182
hs10 132000000 143999999 0.094559
hs7 0 11999999 0.478780
hs7 12000000 23999999 0.368502
hs7 24000000 35999999 0.476235
hs7 36000000 47999999 0.482040
hs7 48000000 59999999 0.196851
hs7 60000000 71999999 0.340761
hs7 72000000 83999999 0.533640
hs7 84000000 95999999 0.430274
hs7 96000000 107999999 0.589990
hs7 108000000 119999999 0.336221
hs7 120000000 131999999 0.482421
hs7 132000000 143999999 0.497677
hs7 144000000 155999999 0.507011
hs7 156000000 167999999 0.161426
hs20 0 11999999 0.395155
hs20 12000000 23999999 0.486943
hs20 24000000 35999999 0.417354
hs20 36000000 47999999 0.478849
hs20 48000000 59999999 0.326778
hs20 60000000 71999999 0.119956
hs16 0 11999999 0.564727
hs16 12000000 23999999 0.519597
hs16 24000000 35999999 0.305420
hs16 36000000 47999999 0.107890
hs16 48000000 59999999 0.306173
hs16 60000000 71999999 0.458682
hs16 72000000 83999999 0.495540
hs16 84000000 95999999 0.167296
hs4 0 11999999 0.487783
hs4 12000000 23999999 0.307893
hs4 24000000 35999999 0.142324
hs4 36000000 47999999 0.465574
hs4 48000000 59999999 0.221183
hs4 60000000 71999999 0.204647
hs4 72000000 83999999 0.434524
hs4 84000000 95999999 0.577613
hs4 96000000 107999999 0.382761
hs4 108000000 119999999 0.334871
hs4 120000000 131999999 0.258152
hs4 132000000 143999999 0.204304
hs4 144000000 155999999 0.426699
hs4 156000000 167999999 0.311750
hs4 168000000 179999999 0.391234
hs4 180000000 191999999 0.202850
hs18 0 11999999 0.408827
hs18 12000000 23999999 0.402956
hs18 24000000 35999999 0.392900
hs18 36000000 47999999 0.320012
hs18 48000000 59999999 0.414012
hs18 60000000 71999999 0.195936
hs18 72000000 83999999 0.108342
hs13 0 11999999 0.000000
hs13 12000000 23999999 0.186237
hs13 24000000 35999999 0.513142
hs13 36000000 47999999 0.416262
hs13 48000000 59999999 0.244872
hs13 60000000 71999999 0.173559
hs13 72000000 83999999 0.245690
hs13 84000000 95999999 0.343488
hs13 96000000 107999999 0.406269
hs13 108000000 119999999 0.224893
hs3 0 11999999 0.463178
hs3 12000000 23999999 0.427394
hs3 24000000 35999999 0.332500
hs3 36000000 47999999 0.544280
hs3 48000000 59999999 0.717935
hs3 60000000 71999999 0.575029
hs3 72000000 83999999 0.245405
hs3 84000000 95999999 0.156664
hs3 96000000 107999999 0.316774
hs3 108000000 119999999 0.414370
hs3 120000000 131999999 0.645362
hs3 132000000 143999999 0.557790
hs3 144000000 155999999 0.267130
hs3 156000000 167999999 0.311696
hs3 168000000 179999999 0.503323
hs3 180000000 191999999 0.438745
hs3 192000000 203999999 0.282760
hs9 0 11999999 0.481533
hs9 12000000 23999999 0.379784
hs9 24000000 35999999 0.296199
hs9 36000000 47999999 0.179796
hs9 48000000 59999999 0.000000
hs9 60000000 71999999 0.152582
hs9 72000000 83999999 0.314194
hs9 84000000 95999999 0.366522
hs9 96000000 107999999 0.400418
hs9 108000000 119999999 0.497464
hs9 120000000 131999999 0.589708
hs9 132000000 143999999 0.395755
hs15 0 11999999 0.000000
hs15 12000000 23999999 0.101075
hs15 24000000 35999999 0.463891
hs15 36000000 47999999 0.535474
hs15 48000000 59999999 0.553611
hs15 60000000 71999999 0.577772
hs15 72000000 83999999 0.522944
hs15 84000000 95999999 0.324380
hs15 96000000 107999999 0.183892
hs5 0 11999999 0.332888
hs5 12000000 23999999 0.333044
hs5 24000000 35999999 0.207621
hs5 36000000 47999999 0.332563
hs5 48000000 59999999 0.339252
hs5 60000000 71999999 0.513636
hs5 72000000 83999999 0.523669
hs5 84000000 95999999 0.295809
hs5 96000000 107999999 0.161663
hs5 108000000 119999999 0.368508
hs5 120000000 131999999 0.298652
hs5 132000000 143999999 0.905777
hs5 144000000 155999999 0.394125
hs5 156000000 167999999 0.300329
hs5 168000000 179999999 0.510346
hs5 180000000 191999999 0.016134
hsY 0 11999999 0.252332
hsY 12000000 23999999 0.195441
hsY 24000000 35999999 0.048298
hsY 36000000 47999999 0.000000
hsY 48000000 59999999 0.007533
hs19 0 11999999 0.602812
hs19 12000000 23999999 0.483705
hs19 24000000 35999999 0.033664
hs19 36000000 47999999 0.471516
hs19 48000000 59999999 0.550841
hs19 60000000 71999999 0.163987
hs1 0 11999999 0.540782
hs1 12000000 23999999 0.517957
hs1 24000000 35999999 0.497805
hs1 36000000 47999999 0.532882
hs1 48000000 59999999 0.632025
hs1 60000000 71999999 0.490831
hs1 72000000 83999999 0.333911
hs1 84000000 95999999 0.434507
hs1 96000000 107999999 0.283228
hs1 108000000 119999999 0.436391
hs1 120000000 131999999 0.027474
hs1 132000000 143999999 0.061875
hs1 144000000 155999999 0.452589
hs1 156000000 167999999 0.405655
hs1 168000000 179999999 0.574682
hs1 180000000 191999999 0.290303
hs1 192000000 203999999 0.392690
hs1 204000000 215999999 0.518588
hs1 216000000 227999999 0.354270
hs1 228000000 239999999 0.546652
hs1 240000000 251999999 0.319286
hs2 0 11999999 0.306201
hs2 12000000 23999999 0.156608
hs2 24000000 35999999 0.564525
hs2 36000000 47999999 0.460056
hs2 48000000 59999999 0.318762
hs2 60000000 71999999 0.393416
hs2 72000000 83999999 0.344097
hs2 84000000 95999999 0.231683
hs2 96000000 107999999 0.400984
hs2 108000000 119999999 0.447938
hs2 120000000 131999999 0.285078
hs2 132000000 143999999 0.515569
hs2 144000000 155999999 0.349957
hs2 156000000 167999999 0.455861
hs2 168000000 179999999 0.545849
hs2 180000000 191999999 0.336994
hs2 192000000 203999999 0.400048
hs2 204000000 215999999 0.549224
hs2 216000000 227999999 0.353045
hs2 228000000 239999999 0.541379
hs2 240000000 251999999 0.100260
hs8 0 11999999 0.437960
hs8 12000000 23999999 0.448570
hs8 24000000 35999999 0.418389
hs8 36000000 47999999 0.273043
hs8 48000000 59999999 0.354338
hs8 60000000 71999999 0.408047
hs8 72000000 83999999 0.249572
hs8 84000000 95999999 0.312467
hs8 96000000 107999999 0.512430
hs8 108000000 119999999 0.300112
hs8 120000000 131999999 0.314172
hs8 132000000 143999999 0.370863
hs8 144000000 155999999 0.091195
hs6 0 11999999 0.379275
hs6 12000000 23999999 0.355213
hs6 24000000 35999999 0.419720
hs6 36000000 47999999 0.570504
hs6 48000000 59999999 0.289078
hs6 60000000 71999999 0.373756
hs6 72000000 83999999 0.275608
hs6 84000000 95999999 0.261276
hs6 96000000 107999999 0.294872
hs6 108000000 119999999 0.427480
hs6 120000000 131999999 0.426855
hs6 132000000 143999999 0.411488
hs6 144000000 155999999 0.511608
hs6 156000000 167999999 0.492053
hs6 168000000 179999999 0.078044
hs17 0 11999999 0.629950
hs17 12000000 23999999 0.392112
hs17 24000000 35999999 0.618784
hs17 36000000 47999999 0.529070
hs17 48000000 59999999 0.499311
hs17 60000000 71999999 0.489206
hs17 72000000 83999999 0.340175
hs14 0 11999999 0.000000
hs14 12000000 23999999 0.116763
hs14 24000000 35999999 0.338071
hs14 36000000 47999999 0.221045
hs14 48000000 59999999 0.391029
hs14 60000000 71999999 0.578468
hs14 72000000 83999999 0.502512
hs14 84000000 95999999 0.428660
hs14 96000000 107999999 0.287994
hs21 0 11999999 0.036472
hs21 12000000 23999999 0.172437
hs21 24000000 35999999 0.325441
hs21 36000000 47999999 0.518512
