hsX 0 29999999 0.367668
hsX 30000000 59999999 0.327682
hsX 60000000 89999999 0.257512
hsX 90000000 119999999 0.364588
hsX 120000000 149999999 0.224100
hsX 150000000 179999999 0.069726
hs12 0 29999999 0.502218
hs12 30000000 59999999 0.361212
hs12 60000000 89999999 0.354731
hs12 90000000 119999999 0.493925
hs12 120000000 149999999 0.202410
hs22 0 29999999 0.281339
hs22 30000000 59999999 0.358624
hs11 0 29999999 0.464145
hs11 30000000 59999999 0.271988
hs11 60000000 89999999 0.532782
hs11 90000000 119999999 0.389940
hs11 120000000 149999999 0.221442
hs10 0 29999999 0.453268
hs10 30000000 59999999 0.320209
hs10 60000000 89999999 0.506813
hs10 90000000 119999999 0.517978
hs10 120000000 149999999 0.203497
hs7 0 29999999 0.428780
hs7 30000000 59999999 0.372183
hs7 60000000 89999999 0.426052
hs7 90000000 119999999 0.466302
hs7 120000000 149999999 0.501570
hs7 150000000 179999999 0.157844
hs20 0 29999999 0.391577
hs20 30000000 59999999 0.450455
hs20 60000000 89999999 0.047983
hs16 0 29999999 0.523695
hs16 30000000 59999999 0.197827
hs16 60000000 89999999 0.448607
hs4 0 29999999 0.353696
hs4 30000000 59999999 0.296206
hs4 60000000 89999999 0.359121
hs4 90000000 119999999 0.414645
hs4 120000000 149999999 0.265250
hs4 150000000 179999999 0.371606
hs4 180000000 209999999 0.081140
hs18 0 29999999 0.387898
hs18 30000000 59999999 0.387584
hs18 60000000 89999999 0.121711
hs13 0 29999999 0.169943
hs13 30000000 59999999 0.374262
hs13 60000000 89999999 0.168155
hs13 90000000 119999999 0.389405
hs3 0 29999999 0.421761
hs3 30000000 59999999 0.572354
hs3 60000000 89999999 0.382189
hs3 90000000 119999999 0.301108
hs3 120000000 149999999 0.517451
hs3 150000000 179999999 0.396669
hs3 180000000 209999999 0.288602
hs9 0 29999999 0.391288
hs9 30000000 59999999 0.143636
hs9 60000000 89999999 0.250544
hs9 90000000 119999999 0.441928
hs9 120000000 149999999 0.394185
hs15 0 29999999 0.140965
hs15 30000000 59999999 0.520655
hs15 60000000 89999999 0.539494
hs15 90000000 119999999 0.104102
hs5 0 29999999 0.276896
hs5 30000000 59999999 0.341251
hs5 60000000 89999999 0.440246
hs5 90000000 119999999 0.305067
hs5 120000000 149999999 0.576960
hs5 150000000 179999999 0.386732
hs5 180000000 209999999 0.006454
hsY 0 29999999 0.198428
hsY 30000000 59999999 0.003013
hs19 0 29999999 0.436072
hs19 30000000 59999999 0.420944
hs19 60000000 89999999 0.065595
hs1 0 29999999 0.532375
hs1 30000000 59999999 0.556206
hs1 60000000 89999999 0.420762
hs1 90000000 119999999 0.370785
hs1 120000000 149999999 0.119422
hs1 150000000 179999999 0.489488
hs1 180000000 209999999 0.364382
hs1 210000000 239999999 0.476619
hs1 240000000 269999999 0.127714
hs2 0 29999999 0.333253
hs2 30000000 59999999 0.389207
hs2 60000000 89999999 0.375738
hs2 90000000 119999999 0.351509
hs2 120000000 149999999 0.394691
hs2 150000000 179999999 0.466235
hs2 180000000 209999999 0.380726
hs2 210000000 239999999 0.491550
hs2 240000000 269999999 0.040104
hs8 0 29999999 0.438288
hs8 30000000 59999999 0.334632
hs8 60000000 89999999 0.337339
hs8 90000000 119999999 0.375712
hs8 120000000 149999999 0.310492
hs6 0 29999999 0.359962
hs6 30000000 59999999 0.445553
hs6 60000000 89999999 0.322523
hs6 90000000 119999999 0.330674
hs6 120000000 149999999 0.431729
hs6 150000000 179999999 0.336291
hs17 0 29999999 0.548315
hs17 30000000 59999999 0.519376
hs17 60000000 89999999 0.331753
hs14 0 29999999 0.072622
hs14 30000000 59999999 0.354141
hs14 60000000 89999999 0.487545
hs14 90000000 119999999 0.231509
hs21 0 29999999 0.126777
hs21 30000000 59999999 0.294368
