hsX 0 19999999 0.395451
hsX 20000000 39999999 0.338597
hsX 40000000 59999999 0.308976
hsX 60000000 79999999 0.296463
hsX 80000000 99999999 0.217183
hsX 100000000 119999999 0.419504
hsX 120000000 139999999 0.264101
hsX 140000000 159999999 0.176638
hs12 0 19999999 0.500734
hs12 20000000 39999999 0.394390
hs12 40000000 59999999 0.400020
hs12 60000000 79999999 0.382227
hs12 80000000 99999999 0.361011
hs12 100000000 119999999 0.529746
hs12 120000000 139999999 0.303615
hs22 0 19999999 0.113432
hs22 20000000 39999999 0.591415
hs22 40000000 59999999 0.255097
hs11 0 19999999 0.531542
hs11 20000000 39999999 0.326393
hs11 40000000 59999999 0.246265
hs11 60000000 79999999 0.563833
hs11 80000000 99999999 0.405322
hs11 100000000 119999999 0.414927
hs11 120000000 139999999 0.332163
hs10 0 19999999 0.420984
hs10 20000000 39999999 0.412106
hs10 40000000 59999999 0.327126
hs10 60000000 79999999 0.559563
hs10 80000000 99999999 0.490973
hs10 100000000 119999999 0.486651
hs10 120000000 139999999 0.305245
hs7 0 19999999 0.422297
hs7 20000000 39999999 0.490096
hs7 40000000 59999999 0.289052
hs7 60000000 79999999 0.437329
hs7 80000000 99999999 0.425003
hs7 100000000 119999999 0.476199
hs7 120000000 139999999 0.523911
hs7 140000000 159999999 0.465211
hs20 0 19999999 0.478561
hs20 20000000 39999999 0.361779
hs20 40000000 59999999 0.422707
hs20 60000000 79999999 0.071974
hs16 0 19999999 0.533708
hs16 20000000 39999999 0.300138
hs16 40000000 59999999 0.248438
hs16 60000000 79999999 0.448317
hs16 80000000 99999999 0.224594
hs4 0 19999999 0.385340
hs4 20000000 39999999 0.271654
hs4 40000000 59999999 0.317860
hs4 60000000 79999999 0.308198
hs4 80000000 99999999 0.503654
hs4 100000000 119999999 0.348798
hs4 120000000 139999999 0.161866
hs4 140000000 159999999 0.425128
hs4 160000000 179999999 0.368290
hs4 180000000 199999999 0.121710
hs18 0 19999999 0.405165
hs18 20000000 39999999 0.345085
hs18 40000000 59999999 0.412974
hs18 60000000 79999999 0.182567
hs13 0 19999999 0.039769
hs13 20000000 39999999 0.444818
hs13 40000000 59999999 0.331720
hs13 60000000 79999999 0.230533
hs13 80000000 99999999 0.346318
hs13 100000000 119999999 0.259489
hs3 0 19999999 0.482413
hs3 20000000 39999999 0.362989
hs3 40000000 59999999 0.645770
hs3 60000000 79999999 0.478655
hs3 80000000 99999999 0.170836
hs3 100000000 119999999 0.375454
hs3 120000000 139999999 0.612686
hs3 140000000 159999999 0.371876
hs3 160000000 179999999 0.386619
hs3 180000000 199999999 0.432903
hs9 0 19999999 0.460253
hs9 20000000 39999999 0.316736
hs9 40000000 59999999 0.025398
hs9 60000000 79999999 0.262573
hs9 80000000 99999999 0.346063
hs9 100000000 119999999 0.430072
hs9 120000000 139999999 0.581590
hs9 140000000 159999999 0.009688
hs15 0 19999999 0.013041
hs15 20000000 39999999 0.420729
hs15 40000000 59999999 0.558659
hs15 60000000 79999999 0.538793
hs15 80000000 99999999 0.421392
hs15 100000000 119999999 0.005208
hs5 0 19999999 0.335176
hs5 20000000 39999999 0.286192
hs5 40000000 59999999 0.305853
hs5 60000000 79999999 0.514767
hs5 80000000 99999999 0.311569
hs5 100000000 119999999 0.291635
hs5 120000000 139999999 0.395667
hs5 140000000 159999999 0.647910
hs5 160000000 179999999 0.401961
hs5 180000000 199999999 0.009681
hsY 0 19999999 0.213094
hsY 20000000 39999999 0.084548
hsY 40000000 59999999 0.004520
hs19 0 19999999 0.607466
hs19 20000000 39999999 0.132494
hs19 40000000 59999999 0.545564
hs19 60000000 79999999 0.098392
hs1 0 19999999 0.531132
hs1 20000000 39999999 0.493036
hs1 40000000 59999999 0.608703
hs1 60000000 79999999 0.485244
hs1 80000000 99999999 0.335177
hs1 100000000 119999999 0.366900
hs1 120000000 139999999 0.016484
hs1 140000000 159999999 0.381574
hs1 160000000 179999999 0.515306
hs1 180000000 199999999 0.291954
hs1 200000000 219999999 0.472183
hs1 220000000 239999999 0.497365
hs1 240000000 259999999 0.191571
hs2 0 19999999 0.231884
hs2 20000000 39999999 0.477241
hs2 40000000 59999999 0.374566
hs2 60000000 79999999 0.405860
hs2 80000000 99999999 0.306868
hs2 100000000 119999999 0.378143
hs2 120000000 139999999 0.357308
hs2 140000000 159999999 0.412836
hs2 160000000 179999999 0.521244
hs2 180000000 199999999 0.320132
hs2 200000000 219999999 0.550690
hs2 220000000 239999999 0.437592
hs2 240000000 259999999 0.060156
hs8 0 19999999 0.461893
hs8 20000000 39999999 0.404154
hs8 40000000 59999999 0.293333
hs8 60000000 79999999 0.351143
hs8 80000000 99999999 0.318118
hs8 100000000 119999999 0.400315
hs8 120000000 139999999 0.319840
hs8 140000000 159999999 0.145898
hs6 0 19999999 0.368143
hs6 20000000 39999999 0.463419
hs6 40000000 59999999 0.376712
hs6 60000000 79999999 0.347126
hs6 80000000 99999999 0.246391
hs6 100000000 119999999 0.386278
hs6 120000000 139999999 0.455799
hs6 140000000 159999999 0.438247
hs6 160000000 179999999 0.257984
hs17 0 19999999 0.553640
hs17 20000000 39999999 0.532204
hs17 40000000 59999999 0.515692
hs17 60000000 79999999 0.497629
hs14 0 19999999 0.010297
hs14 20000000 39999999 0.322148
hs14 40000000 59999999 0.307700
hs14 60000000 79999999 0.605380
hs14 80000000 99999999 0.352837
hs14 100000000 119999999 0.120363
hs21 0 19999999 0.095291
hs21 20000000 39999999 0.329607
hs21 40000000 59999999 0.206820
