hsX 0 7999999 0.229949
hsX 8000000 15999999 0.460457
hsX 16000000 23999999 0.439060
hsX 24000000 31999999 0.391656
hsX 32000000 39999999 0.313998
hsX 40000000 47999999 0.299168
hsX 48000000 55999999 0.425223
hsX 56000000 63999999 0.102880
hsX 64000000 71999999 0.413254
hsX 72000000 79999999 0.273074
hsX 80000000 87999999 0.224395
hsX 88000000 95999999 0.133042
hsX 96000000 103999999 0.381955
hsX 104000000 111999999 0.569425
hsX 112000000 119999999 0.282900
hsX 120000000 127999999 0.157719
hsX 128000000 135999999 0.393195
hsX 136000000 143999999 0.124071
hsX 144000000 151999999 0.246070
hsX 152000000 159999999 0.180793
hs12 0 7999999 0.617933
hs12 8000000 15999999 0.505265
hs12 16000000 23999999 0.362486
hs12 24000000 31999999 0.466322
hs12 32000000 39999999 0.285803
hs12 40000000 47999999 0.418101
hs12 48000000 55999999 0.523542
hs12 56000000 63999999 0.317325
hs12 64000000 71999999 0.380467
hs12 72000000 79999999 0.316181
hs12 80000000 87999999 0.344764
hs12 88000000 95999999 0.280731
hs12 96000000 103999999 0.548732
hs12 104000000 111999999 0.596727
hs12 112000000 119999999 0.455938
hs12 120000000 127999999 0.466276
hs12 128000000 135999999 0.292760
hs22 0 7999999 0.000000
hs22 8000000 15999999 0.027803
hs22 16000000 23999999 0.512942
hs22 24000000 31999999 0.683478
hs22 32000000 39999999 0.537895
hs22 40000000 47999999 0.540215
hs22 48000000 55999999 0.097528
hs11 0 7999999 0.461163
hs11 8000000 15999999 0.550207
hs11 16000000 23999999 0.504556
hs11 24000000 31999999 0.321528
hs11 32000000 39999999 0.307382
hs11 40000000 47999999 0.360182
hs11 48000000 55999999 0.083725
hs11 56000000 63999999 0.455543
hs11 64000000 71999999 0.519331
hs11 72000000 79999999 0.606465
hs11 80000000 87999999 0.462512
hs11 88000000 95999999 0.383843
hs11 96000000 103999999 0.382687
hs11 104000000 111999999 0.381939
hs11 112000000 119999999 0.439641
hs11 120000000 127999999 0.400056
hs11 128000000 135999999 0.430352
hs10 0 7999999 0.360776
hs10 8000000 15999999 0.436545
hs10 16000000 23999999 0.478372
hs10 24000000 31999999 0.500001
hs10 32000000 39999999 0.307030
hs10 40000000 47999999 0.197308
hs10 48000000 55999999 0.566671
hs10 56000000 63999999 0.273433
hs10 64000000 71999999 0.538490
hs10 72000000 79999999 0.640820
hs10 80000000 87999999 0.360170
hs10 88000000 95999999 0.526968
hs10 96000000 103999999 0.658083
hs10 104000000 111999999 0.400400
hs10 112000000 119999999 0.498439
hs10 120000000 127999999 0.435791
hs10 128000000 135999999 0.327321
hs7 0 7999999 0.564460
hs7 8000000 15999999 0.331243
hs7 16000000 23999999 0.375220
hs7 24000000 31999999 0.448985
hs7 32000000 39999999 0.561075
hs7 40000000 47999999 0.427354
hs7 48000000 55999999 0.269364
hs7 56000000 63999999 0.060515
hs7 64000000 71999999 0.476538
hs7 72000000 79999999 0.582181
hs7 80000000 87999999 0.411752
hs7 88000000 95999999 0.451937
hs7 96000000 103999999 0.560646
hs7 104000000 111999999 0.526652
hs7 112000000 119999999 0.302018
hs7 120000000 127999999 0.424582
hs7 128000000 135999999 0.574995
hs7 136000000 143999999 0.470570
hs7 144000000 151999999 0.573398
hs7 152000000 159999999 0.429258
hs20 0 7999999 0.357593
hs20 8000000 15999999 0.585479
hs20 16000000 23999999 0.380075
hs20 24000000 31999999 0.281755
hs20 32000000 39999999 0.495949
hs20 40000000 47999999 0.566600
hs20 48000000 55999999 0.284058
hs20 56000000 63999999 0.386043
hs16 0 7999999 0.654057
hs16 8000000 15999999 0.475591
hs16 16000000 23999999 0.496837
hs16 24000000 31999999 0.450232
hs16 32000000 39999999 0.007899
hs16 40000000 47999999 0.161835
hs16 48000000 55999999 0.363052
hs16 56000000 63999999 0.181474
hs16 64000000 71999999 0.602755
hs16 72000000 79999999 0.432769
hs16 80000000 87999999 0.492718
hs16 88000000 95999999 0.068766
hs4 0 7999999 0.614026
hs4 8000000 15999999 0.226399
hs4 16000000 23999999 0.353089
hs4 24000000 31999999 0.186145
hs4 32000000 39999999 0.262825
hs4 40000000 47999999 0.462876
hs4 48000000 55999999 0.221053
hs4 56000000 63999999 0.182637
hs4 64000000 71999999 0.235053
hs4 72000000 79999999 0.463525
hs4 80000000 87999999 0.442771
hs4 88000000 95999999 0.611909
hs4 96000000 103999999 0.406141
hs4 104000000 111999999 0.400869
hs4 112000000 119999999 0.269439
hs4 120000000 127999999 0.290364
hs4 128000000 135999999 0.102824
hs4 136000000 143999999 0.300496
hs4 144000000 151999999 0.398036
hs4 152000000 159999999 0.375765
hs4 160000000 167999999 0.333873
hs4 168000000 175999999 0.437345
hs4 176000000 183999999 0.210086
hs4 184000000 191999999 0.243695
hs18 0 7999999 0.373273
hs18 8000000 15999999 0.423981
hs18 16000000 23999999 0.420420
hs18 24000000 31999999 0.355658
hs18 32000000 39999999 0.302292
hs18 40000000 47999999 0.411417
hs18 48000000 55999999 0.454764
hs18 56000000 63999999 0.196345
hs18 64000000 71999999 0.263813
hs18 72000000 79999999 0.162512
hs13 0 7999999 0.000000
hs13 8000000 15999999 0.000000
hs13 16000000 23999999 0.279356
hs13 24000000 31999999 0.476856
hs13 32000000 39999999 0.455257
hs13 40000000 47999999 0.461994
hs13 48000000 55999999 0.266975
hs13 56000000 63999999 0.107456
hs13 64000000 71999999 0.253216
hs13 72000000 79999999 0.315993
hs13 80000000 87999999 0.054238
hs13 88000000 95999999 0.513537
hs13 96000000 103999999 0.502153
hs13 104000000 111999999 0.282949
hs13 112000000 119999999 0.161641
hs3 0 7999999 0.384470
hs3 8000000 15999999 0.610999
hs3 16000000 23999999 0.340389
hs3 24000000 31999999 0.334347
hs3 32000000 39999999 0.443299
hs3 40000000 47999999 0.537524
hs3 48000000 55999999 0.747440
hs3 56000000 63999999 0.707748
hs3 64000000 71999999 0.484258
hs3 72000000 79999999 0.334094
hs3 80000000 87999999 0.185741
hs3 88000000 95999999 0.083267
hs3 96000000 103999999 0.422560
hs3 104000000 111999999 0.231919
hs3 112000000 119999999 0.442238
hs3 120000000 127999999 0.712244
hs3 128000000 135999999 0.571502
hs3 136000000 143999999 0.520982
hs3 144000000 151999999 0.245261
hs3 152000000 159999999 0.411414
hs3 160000000 167999999 0.211563
hs3 168000000 175999999 0.581745
hs3 176000000 183999999 0.303782
hs3 184000000 191999999 0.527574
hs3 192000000 199999999 0.424139
hs9 0 7999999 0.434990
hs9 8000000 15999999 0.458676
hs9 16000000 23999999 0.398310
hs9 24000000 31999999 0.175356
hs9 32000000 39999999 0.475142
hs9 40000000 47999999 0.063494
hs9 48000000 55999999 0.000000
hs9 56000000 63999999 0.000000
hs9 64000000 71999999 0.228873
hs9 72000000 79999999 0.427558
hs9 80000000 87999999 0.230197
hs9 88000000 95999999 0.363319
hs9 96000000 103999999 0.517737
hs9 104000000 111999999 0.280687
hs9 112000000 119999999 0.548398
hs9 120000000 127999999 0.564925
hs9 128000000 135999999 0.637986
hs9 136000000 143999999 0.275282
hs15 0 7999999 0.000000
hs15 8000000 15999999 0.000000
hs15 16000000 23999999 0.151612
hs15 24000000 31999999 0.527432
hs15 32000000 39999999 0.405383
hs15 40000000 47999999 0.566233
hs15 48000000 55999999 0.577665
hs15 56000000 63999999 0.546947
hs15 64000000 71999999 0.572462
hs15 72000000 79999999 0.480325
hs15 80000000 87999999 0.547478
hs15 88000000 95999999 0.243183
hs15 96000000 103999999 0.275838
hs5 0 7999999 0.242105
hs5 8000000 15999999 0.447995
hs5 16000000 23999999 0.308798
hs5 24000000 31999999 0.095852
hs5 32000000 39999999 0.458670
hs5 40000000 47999999 0.255753
hs5 48000000 55999999 0.239709
hs5 56000000 63999999 0.434281
hs5 64000000 71999999 0.605342
hs5 72000000 79999999 0.516463
hs5 80000000 87999999 0.314244
hs5 88000000 95999999 0.398510
hs5 96000000 103999999 0.140282
hs5 104000000 111999999 0.355950
hs5 112000000 119999999 0.299024
hs5 120000000 127999999 0.258299
hs5 128000000 135999999 0.408088
hs5 136000000 143999999 1.140257
hs5 144000000 151999999 0.442442
hs5 152000000 159999999 0.359857
hs5 160000000 167999999 0.239383
hs5 168000000 175999999 0.471943
hs5 176000000 183999999 0.317778
hsY 0 7999999 0.260329
hsY 8000000 15999999 0.215718
hsY 16000000 23999999 0.195614
hsY 24000000 31999999 0.072446
hsY 32000000 39999999 0.000000
hsY 40000000 47999999 0.000000
hsY 48000000 55999999 0.000000
hsY 56000000 63999999 0.011300
hs19 0 7999999 0.619183
hs19 8000000 15999999 0.540888
hs19 16000000 23999999 0.469705
hs19 24000000 31999999 0.005492
hs19 32000000 39999999 0.214630
hs19 40000000 47999999 0.537649
hs19 48000000 55999999 0.574359
hs19 56000000 63999999 0.497882
hs1 0 7999999 0.511503
hs1 8000000 15999999 0.541237
hs1 16000000 23999999 0.535366
hs1 24000000 31999999 0.475222
hs1 32000000 39999999 0.497090
hs1 40000000 47999999 0.573719
hs1 48000000 55999999 0.673049
hs1 56000000 63999999 0.492757
hs1 64000000 71999999 0.518478
hs1 72000000 79999999 0.476863
hs1 80000000 87999999 0.291440
hs1 88000000 95999999 0.384324
hs1 96000000 103999999 0.317908
hs1 104000000 111999999 0.338991
hs1 112000000 119999999 0.422529
hs1 120000000 127999999 0.041211
hs1 128000000 135999999 0.000000
hs1 136000000 143999999 0.092813
hs1 144000000 151999999 0.366003
hs1 152000000 159999999 0.495119
hs1 160000000 167999999 0.426243
hs1 168000000 175999999 0.551017
hs1 176000000 183999999 0.564324
hs1 184000000 191999999 0.182137
hs1 192000000 199999999 0.294430
hs1 200000000 207999999 0.471568
hs1 208000000 215999999 0.600918
hs1 216000000 223999999 0.325240
hs1 224000000 231999999 0.491167
hs1 232000000 239999999 0.534977
hs1 240000000 247999999 0.478928
hs2 0 7999999 0.245216
hs2 8000000 15999999 0.272936
hs2 16000000 23999999 0.176062
hs2 24000000 31999999 0.658153
hs2 32000000 39999999 0.420447
hs2 40000000 47999999 0.458270
hs2 48000000 55999999 0.427861
hs2 56000000 63999999 0.301149
hs2 64000000 71999999 0.339258
hs2 72000000 79999999 0.424526
hs2 80000000 87999999 0.351628
hs2 88000000 95999999 0.087516
hs2 96000000 103999999 0.500821
hs2 104000000 111999999 0.408654
hs2 112000000 119999999 0.363908
hs2 120000000 127999999 0.286517
hs2 128000000 135999999 0.439898
hs2 136000000 143999999 0.474555
hs2 144000000 151999999 0.298741
hs2 152000000 159999999 0.425650
hs2 160000000 167999999 0.484336
hs2 168000000 175999999 0.562395
hs2 176000000 183999999 0.455074
hs2 184000000 191999999 0.306793
hs2 192000000 199999999 0.294839
hs2 200000000 207999999 0.554225
hs2 208000000 215999999 0.574845
hs2 216000000 223999999 0.343094
hs2 224000000 231999999 0.447201
hs2 232000000 239999999 0.551341
hs2 240000000 247999999 0.150391
hs8 0 7999999 0.439290
hs8 8000000 15999999 0.480629
hs8 16000000 23999999 0.409875
hs8 24000000 31999999 0.444814
hs8 32000000 39999999 0.390510
hs8 40000000 47999999 0.201824
hs8 48000000 55999999 0.380084
hs8 56000000 63999999 0.361769
hs8 64000000 71999999 0.401724
hs8 72000000 79999999 0.265788
hs8 80000000 87999999 0.292457
hs8 88000000 95999999 0.284814
hs8 96000000 103999999 0.496541
hs8 104000000 111999999 0.394834
hs8 112000000 119999999 0.327438
hs8 120000000 127999999 0.348868
hs8 128000000 135999999 0.332197
hs8 136000000 143999999 0.346487
hs8 144000000 151999999 0.136793
hs6 0 7999999 0.462869
hs6 8000000 15999999 0.299015
hs6 16000000 23999999 0.339847
hs6 24000000 31999999 0.352111
hs6 32000000 39999999 0.625061
hs6 40000000 47999999 0.508163
hs6 48000000 55999999 0.314102
hs6 56000000 63999999 0.195294
hs6 64000000 71999999 0.484854
hs6 72000000 79999999 0.307182
hs6 80000000 87999999 0.231450
hs6 88000000 95999999 0.266694
hs6 96000000 103999999 0.280087
hs6 104000000 111999999 0.471591
hs6 112000000 119999999 0.331852
hs6 120000000 127999999 0.365024
hs6 128000000 135999999 0.508474
hs6 136000000 143999999 0.384018
hs6 144000000 151999999 0.510522
hs6 152000000 159999999 0.467076
hs6 160000000 167999999 0.527893
hs6 168000000 175999999 0.117066
hs17 0 7999999 0.612175
hs17 8000000 15999999 0.472990
hs17 16000000 23999999 0.447928
hs17 24000000 31999999 0.638369
hs17 32000000 39999999 0.543149
hs17 40000000 47999999 0.540263
hs17 48000000 55999999 0.402066
hs17 56000000 63999999 0.668280
hs17 64000000 71999999 0.412431
hs17 72000000 79999999 0.510263
hs14 0 7999999 0.000000
hs14 8000000 15999999 0.000000
hs14 16000000 23999999 0.175145
hs14 24000000 31999999 0.237474
hs14 32000000 39999999 0.418493
hs14 40000000 47999999 0.182706
hs14 48000000 55999999 0.392540
hs14 56000000 63999999 0.460186
hs14 64000000 71999999 0.601519
hs14 72000000 79999999 0.645748
hs14 80000000 87999999 0.153975
hs14 88000000 95999999 0.597035
hs14 96000000 103999999 0.363733
hs14 104000000 111999999 0.068259
hs21 0 7999999 0.000000
hs21 8000000 15999999 0.113218
hs21 16000000 23999999 0.200146
hs21 24000000 31999999 0.256072
hs21 32000000 39999999 0.492809
hs21 40000000 47999999 0.517049
