hsX 0 3999999 0.308531
hsX 4000000 7999999 0.151368
hsX 8000000 11999999 0.461888
hsX 12000000 15999999 0.459027
hsX 16000000 19999999 0.596443
hsX 20000000 23999999 0.281677
hsX 24000000 27999999 0.156493
hsX 28000000 31999999 0.626820
hsX 32000000 35999999 0.350855
hsX 36000000 39999999 0.277141
hsX 40000000 43999999 0.273235
hsX 44000000 47999999 0.325102
hsX 48000000 51999999 0.508595
hsX 52000000 55999999 0.341851
hsX 56000000 59999999 0.096099
hsX 60000000 63999999 0.109662
hsX 64000000 67999999 0.268455
hsX 68000000 71999999 0.558053
hsX 72000000 75999999 0.322992
hsX 76000000 79999999 0.223156
hsX 80000000 83999999 0.131537
hsX 84000000 87999999 0.317253
hsX 88000000 91999999 0.212224
hsX 92000000 95999999 0.053860
hsX 96000000 99999999 0.371039
hsX 100000000 103999999 0.392871
hsX 104000000 107999999 0.610027
hsX 108000000 111999999 0.528824
hsX 112000000 115999999 0.151402
hsX 116000000 119999999 0.414397
hsX 120000000 123999999 0.313053
hsX 124000000 127999999 0.002385
hsX 128000000 131999999 0.391531
hsX 132000000 135999999 0.394859
hsX 136000000 139999999 0.218678
hsX 140000000 143999999 0.029463
hsX 144000000 147999999 0.154894
hsX 148000000 151999999 0.337245
hsX 152000000 155999999 0.361587
hs12 0 3999999 0.740087
hs12 4000000 7999999 0.495780
hs12 8000000 11999999 0.473154
hs12 12000000 15999999 0.537376
hs12 16000000 19999999 0.257275
hs12 20000000 23999999 0.467697
hs12 24000000 27999999 0.592285
hs12 28000000 31999999 0.340359
hs12 32000000 35999999 0.175240
hs12 36000000 39999999 0.396365
hs12 40000000 43999999 0.520806
hs12 44000000 47999999 0.315396
hs12 48000000 51999999 0.605067
hs12 52000000 55999999 0.442017
hs12 56000000 59999999 0.116814
hs12 60000000 63999999 0.517837
hs12 64000000 67999999 0.318182
hs12 68000000 71999999 0.442752
hs12 72000000 75999999 0.185963
hs12 76000000 79999999 0.446400
hs12 80000000 83999999 0.342229
hs12 84000000 87999999 0.347299
hs12 88000000 91999999 0.126630
hs12 92000000 95999999 0.434832
hs12 96000000 99999999 0.554063
hs12 100000000 103999999 0.543400
hs12 104000000 107999999 0.525249
hs12 108000000 111999999 0.668205
hs12 112000000 115999999 0.295474
hs12 116000000 119999999 0.616401
hs12 120000000 123999999 0.662230
hs12 124000000 127999999 0.270323
hs12 128000000 131999999 0.544393
hs12 132000000 135999999 0.041128
hs22 0 3999999 0.000000
hs22 4000000 7999999 0.000000
hs22 8000000 11999999 0.000000
hs22 12000000 15999999 0.055605
hs22 16000000 19999999 0.511555
hs22 20000000 23999999 0.514330
hs22 24000000 27999999 0.709272
hs22 28000000 31999999 0.657684
hs22 32000000 35999999 0.433592
hs22 36000000 39999999 0.642199
hs22 40000000 43999999 0.658735
hs22 44000000 47999999 0.421696
hs22 48000000 51999999 0.195055
hs11 0 3999999 0.623813
hs11 4000000 7999999 0.298513
hs11 8000000 11999999 0.620592
hs11 12000000 15999999 0.479821
hs11 16000000 19999999 0.634969
hs11 20000000 23999999 0.374143
hs11 24000000 27999999 0.369640
hs11 28000000 31999999 0.273415
hs11 32000000 35999999 0.489885
hs11 36000000 39999999 0.124880
hs11 40000000 43999999 0.142032
hs11 44000000 47999999 0.578333
hs11 48000000 51999999 0.127458
hs11 52000000 55999999 0.039992
hs11 56000000 59999999 0.343513
hs11 60000000 63999999 0.567573
hs11 64000000 67999999 0.572884
hs11 68000000 71999999 0.465778
hs11 72000000 75999999 0.660933
hs11 76000000 79999999 0.551997
hs11 80000000 83999999 0.366529
hs11 84000000 87999999 0.558495
hs11 88000000 91999999 0.320446
hs11 92000000 95999999 0.447240
hs11 96000000 99999999 0.333901
hs11 100000000 103999999 0.431473
hs11 104000000 107999999 0.443109
hs11 108000000 111999999 0.320769
hs11 112000000 115999999 0.325102
hs11 116000000 119999999 0.554180
hs11 120000000 123999999 0.354917
hs11 124000000 127999999 0.445194
hs11 128000000 131999999 0.539437
hs11 132000000 135999999 0.321267
hs10 0 3999999 0.368180
hs10 4000000 7999999 0.353372
hs10 8000000 11999999 0.175284
hs10 12000000 15999999 0.697806
hs10 16000000 19999999 0.510279
hs10 20000000 23999999 0.446466
hs10 24000000 27999999 0.639672
hs10 28000000 31999999 0.360330
hs10 32000000 35999999 0.527813
hs10 36000000 39999999 0.086247
hs10 40000000 43999999 0.120316
hs10 44000000 47999999 0.274300
hs10 48000000 51999999 0.574991
hs10 52000000 55999999 0.558351
hs10 56000000 59999999 0.107672
hs10 60000000 63999999 0.439193
hs10 64000000 67999999 0.297499
hs10 68000000 71999999 0.779482
hs10 72000000 75999999 0.720371
hs10 76000000 79999999 0.561268
hs10 80000000 83999999 0.306041
hs10 84000000 87999999 0.414300
hs10 88000000 91999999 0.507543
hs10 92000000 95999999 0.546393
hs10 96000000 99999999 0.680586
hs10 100000000 103999999 0.635579
hs10 104000000 107999999 0.595323
hs10 108000000 111999999 0.205477
hs10 112000000 115999999 0.400012
hs10 116000000 119999999 0.596865
hs10 120000000 123999999 0.393927
hs10 124000000 127999999 0.477655
hs10 128000000 131999999 0.370964
hs10 132000000 135999999 0.283678
hs7 0 3999999 0.598993
hs7 4000000 7999999 0.529927
hs7 8000000 11999999 0.307420
hs7 12000000 15999999 0.355066
hs7 16000000 19999999 0.320080
hs7 20000000 23999999 0.430360
hs7 24000000 27999999 0.330467
hs7 28000000 31999999 0.567503
hs7 32000000 35999999 0.530736
hs7 36000000 39999999 0.591414
hs7 40000000 43999999 0.499446
hs7 44000000 47999999 0.355261
hs7 48000000 51999999 0.408550
hs7 52000000 55999999 0.130179
hs7 56000000 59999999 0.051823
hs7 60000000 63999999 0.069207
hs7 64000000 67999999 0.275765
hs7 68000000 71999999 0.677311
hs7 72000000 75999999 0.571074
hs7 76000000 79999999 0.593288
hs7 80000000 83999999 0.436557
hs7 84000000 87999999 0.386947
hs7 88000000 91999999 0.431762
hs7 92000000 95999999 0.472111
hs7 96000000 99999999 0.397639
hs7 100000000 103999999 0.723653
hs7 104000000 107999999 0.648678
hs7 108000000 111999999 0.404627
hs7 112000000 115999999 0.272186
hs7 116000000 119999999 0.331851
hs7 120000000 123999999 0.464143
hs7 124000000 127999999 0.385020
hs7 128000000 131999999 0.598101
hs7 132000000 135999999 0.551890
hs7 136000000 139999999 0.620399
hs7 140000000 143999999 0.320741
hs7 144000000 147999999 0.623529
hs7 148000000 151999999 0.523266
hs7 152000000 155999999 0.374239
hs7 156000000 159999999 0.484278
hs20 0 3999999 0.497694
hs20 4000000 7999999 0.217492
hs20 8000000 11999999 0.470279
hs20 12000000 15999999 0.700679
hs20 16000000 19999999 0.506663
hs20 20000000 23999999 0.253487
hs20 24000000 27999999 0.195646
hs20 28000000 31999999 0.367864
hs20 32000000 35999999 0.688551
hs20 36000000 39999999 0.303347
hs20 40000000 43999999 0.621043
hs20 44000000 47999999 0.512156
hs20 48000000 51999999 0.368297
hs20 52000000 55999999 0.199819
hs20 56000000 59999999 0.412218
hs20 60000000 63999999 0.359869
hs16 0 3999999 0.674422
hs16 4000000 7999999 0.633693
hs16 8000000 11999999 0.386067
hs16 12000000 15999999 0.565116
hs16 16000000 19999999 0.409245
hs16 20000000 23999999 0.584430
hs16 24000000 27999999 0.460558
hs16 28000000 31999999 0.439906
hs16 32000000 35999999 0.015797
hs16 36000000 39999999 0.000000
hs16 40000000 43999999 0.000000
hs16 44000000 47999999 0.323670
hs16 48000000 51999999 0.286247
hs16 52000000 55999999 0.439857
hs16 56000000 59999999 0.192414
hs16 60000000 63999999 0.170535
hs16 64000000 67999999 0.630502
hs16 68000000 71999999 0.575009
hs16 72000000 75999999 0.338697
hs16 76000000 79999999 0.526842
hs16 80000000 83999999 0.621081
hs16 84000000 87999999 0.364354
hs16 88000000 91999999 0.137533
hs4 0 3999999 0.598437
hs4 4000000 7999999 0.629615
hs4 8000000 11999999 0.235296
hs4 12000000 15999999 0.217501
hs4 16000000 19999999 0.245851
hs4 20000000 23999999 0.460327
hs4 24000000 27999999 0.265694
hs4 28000000 31999999 0.106597
hs4 32000000 35999999 0.054680
hs4 36000000 39999999 0.470971
hs4 40000000 43999999 0.469221
hs4 44000000 47999999 0.456531
hs4 48000000 51999999 0.126465
hs4 52000000 55999999 0.315642
hs4 56000000 59999999 0.221441
hs4 60000000 63999999 0.143833
hs4 64000000 67999999 0.120342
hs4 68000000 71999999 0.349765
hs4 72000000 75999999 0.377236
hs4 76000000 79999999 0.549813
hs4 80000000 83999999 0.376521
hs4 84000000 87999999 0.509021
hs4 88000000 91999999 0.559380
hs4 92000000 95999999 0.664439
hs4 96000000 99999999 0.408909
hs4 100000000 103999999 0.403373
hs4 104000000 107999999 0.336003
hs4 108000000 111999999 0.465735
hs4 112000000 115999999 0.356312
hs4 116000000 119999999 0.182565
hs4 120000000 123999999 0.336906
hs4 124000000 127999999 0.243822
hs4 128000000 131999999 0.193729
hs4 132000000 135999999 0.011920
hs4 136000000 139999999 0.022954
hs4 140000000 143999999 0.578038
hs4 144000000 147999999 0.372347
hs4 148000000 151999999 0.423724
hs4 152000000 155999999 0.484027
hs4 156000000 159999999 0.267503
hs4 160000000 163999999 0.265375
hs4 164000000 167999999 0.402372
hs4 168000000 171999999 0.440620
hs4 172000000 175999999 0.434070
hs4 176000000 179999999 0.299013
hs4 180000000 183999999 0.121160
hs4 184000000 187999999 0.457336
hs4 188000000 191999999 0.030055
hs18 0 3999999 0.400347
hs18 4000000 7999999 0.346200
hs18 8000000 11999999 0.479933
hs18 12000000 15999999 0.368028
hs18 16000000 19999999 0.431316
hs18 20000000 23999999 0.409525
hs18 24000000 27999999 0.142941
hs18 28000000 31999999 0.568376
hs18 32000000 35999999 0.467384
hs18 36000000 39999999 0.137201
hs18 40000000 43999999 0.406841
hs18 44000000 47999999 0.415994
hs18 48000000 51999999 0.460583
hs18 52000000 55999999 0.448946
hs18 56000000 59999999 0.332506
hs18 60000000 63999999 0.060184
hs18 64000000 67999999 0.291667
hs18 68000000 71999999 0.235958
hs18 72000000 75999999 0.294827
hs18 76000000 79999999 0.030198
hs13 0 3999999 0.000000
hs13 4000000 7999999 0.000000
hs13 8000000 11999999 0.000000
hs13 12000000 15999999 0.000000
hs13 16000000 19999999 0.198846
hs13 20000000 23999999 0.359866
hs13 24000000 27999999 0.506282
hs13 28000000 31999999 0.447430
hs13 32000000 35999999 0.585715
hs13 36000000 39999999 0.324799
hs13 40000000 43999999 0.544099
hs13 44000000 47999999 0.379888
hs13 48000000 51999999 0.487512
hs13 52000000 55999999 0.046438
hs13 56000000 59999999 0.200665
hs13 60000000 63999999 0.014247
hs13 64000000 67999999 0.231876
hs13 68000000 71999999 0.274556
hs13 72000000 75999999 0.333103
hs13 76000000 79999999 0.298882
hs13 80000000 83999999 0.105085
hs13 84000000 87999999 0.003391
hs13 88000000 91999999 0.298511
hs13 92000000 95999999 0.728563
hs13 96000000 99999999 0.596041
hs13 100000000 103999999 0.408266
hs13 104000000 107999999 0.214502
hs13 108000000 111999999 0.351396
hs13 112000000 115999999 0.323281
hs3 0 3999999 0.405405
hs3 4000000 7999999 0.363536
hs3 8000000 11999999 0.620594
hs3 12000000 15999999 0.601403
hs3 16000000 19999999 0.421128
hs3 20000000 23999999 0.259650
hs3 24000000 27999999 0.256051
hs3 28000000 31999999 0.412643
hs3 32000000 35999999 0.328807
hs3 36000000 39999999 0.557791
hs3 40000000 43999999 0.512462
hs3 44000000 47999999 0.562586
hs3 48000000 51999999 0.755270
hs3 52000000 55999999 0.739610
hs3 56000000 59999999 0.658925
hs3 60000000 63999999 0.756570
hs3 64000000 67999999 0.458662
hs3 68000000 71999999 0.509855
hs3 72000000 75999999 0.223678
hs3 76000000 79999999 0.444511
hs3 80000000 83999999 0.068026
hs3 84000000 87999999 0.303456
hs3 88000000 91999999 0.101658
hs3 92000000 95999999 0.064877
hs3 96000000 99999999 0.316166
hs3 100000000 103999999 0.528954
hs3 104000000 107999999 0.105203
hs3 108000000 111999999 0.358634
hs3 112000000 115999999 0.610119
hs3 116000000 119999999 0.274358
hs3 120000000 123999999 0.717721
hs3 124000000 127999999 0.706766
hs3 128000000 131999999 0.511599
hs3 132000000 135999999 0.631405
hs3 136000000 139999999 0.495937
hs3 140000000 143999999 0.546026
hs3 144000000 147999999 0.253170
hs3 148000000 151999999 0.237353
hs3 152000000 155999999 0.310867
hs3 156000000 159999999 0.511961
hs3 160000000 163999999 0.379594
hs3 164000000 167999999 0.043531
hs3 168000000 171999999 0.576430
hs3 172000000 175999999 0.587061
hs3 176000000 179999999 0.346477
hs3 180000000 183999999 0.261087
hs3 184000000 187999999 0.597554
hs3 188000000 191999999 0.457594
hs3 192000000 195999999 0.368135
hs3 196000000 199999999 0.480144
hs9 0 3999999 0.391296
hs9 4000000 7999999 0.478683
hs9 8000000 11999999 0.574619
hs9 12000000 15999999 0.342732
hs9 16000000 19999999 0.513935
hs9 20000000 23999999 0.282686
hs9 24000000 27999999 0.173346
hs9 28000000 31999999 0.177365
hs9 32000000 35999999 0.537884
hs9 36000000 39999999 0.412400
hs9 40000000 43999999 0.095929
hs9 44000000 47999999 0.031060
hs9 48000000 51999999 0.000000
hs9 52000000 55999999 0.000000
hs9 56000000 59999999 0.000000
hs9 60000000 63999999 0.000000
hs9 64000000 67999999 0.040820
hs9 68000000 71999999 0.416927
hs9 72000000 75999999 0.362990
hs9 76000000 79999999 0.492126
hs9 80000000 83999999 0.087467
hs9 84000000 87999999 0.372928
hs9 88000000 91999999 0.247712
hs9 92000000 95999999 0.478926
hs9 96000000 99999999 0.543282
hs9 100000000 103999999 0.492192
hs9 104000000 107999999 0.165779
hs9 108000000 111999999 0.395595
hs9 112000000 115999999 0.587998
hs9 116000000 119999999 0.508798
hs9 120000000 123999999 0.478202
hs9 124000000 127999999 0.651649
hs9 128000000 131999999 0.639273
hs9 132000000 135999999 0.636699
hs9 136000000 139999999 0.502125
hs9 140000000 143999999 0.048439
hs15 0 3999999 0.000000
hs15 4000000 7999999 0.000000
hs15 8000000 11999999 0.000000
hs15 12000000 15999999 0.000000
hs15 16000000 19999999 0.065206
hs15 20000000 23999999 0.238019
hs15 24000000 27999999 0.599175
hs15 28000000 31999999 0.455688
hs15 32000000 35999999 0.336810
hs15 36000000 39999999 0.473955
hs15 40000000 43999999 0.670356
hs15 44000000 47999999 0.462109
hs15 48000000 51999999 0.572237
hs15 52000000 55999999 0.583093
hs15 56000000 59999999 0.505502
hs15 60000000 63999999 0.588392
hs15 64000000 67999999 0.576191
hs15 68000000 71999999 0.568733
hs15 72000000 75999999 0.571050
hs15 76000000 79999999 0.389599
hs15 80000000 83999999 0.608183
hs15 84000000 87999999 0.486774
hs15 88000000 91999999 0.417102
hs15 92000000 95999999 0.069264
hs15 96000000 99999999 0.525636
hs15 100000000 103999999 0.026040
hs5 0 3999999 0.240511
hs5 4000000 7999999 0.243700
hs5 8000000 11999999 0.514453
hs5 12000000 15999999 0.381537
hs5 16000000 19999999 0.295679
hs5 20000000 23999999 0.321916
hs5 24000000 27999999 0.078921
hs5 28000000 31999999 0.112783
hs5 32000000 35999999 0.431158
hs5 36000000 39999999 0.486183
hs5 40000000 43999999 0.379719
hs5 44000000 47999999 0.131788
hs5 48000000 51999999 0.059359
hs5 52000000 55999999 0.420060
hs5 56000000 59999999 0.538338
hs5 60000000 63999999 0.330224
hs5 64000000 67999999 0.456301
hs5 68000000 71999999 0.754384
hs5 72000000 75999999 0.444917
hs5 76000000 79999999 0.588008
hs5 80000000 83999999 0.538082
hs5 84000000 87999999 0.090405
hs5 88000000 91999999 0.237219
hs5 92000000 95999999 0.559802
hs5 96000000 99999999 0.132336
hs5 100000000 103999999 0.148229
hs5 104000000 107999999 0.204424
hs5 108000000 111999999 0.507476
hs5 112000000 115999999 0.417170
hs5 116000000 119999999 0.180878
hs5 120000000 123999999 0.206002
hs5 124000000 127999999 0.310596
hs5 128000000 131999999 0.379358
hs5 132000000 135999999 0.436818
hs5 136000000 139999999 0.645559
hs5 140000000 143999999 1.634955
hs5 144000000 147999999 0.435816
hs5 148000000 151999999 0.449068
hs5 152000000 155999999 0.297491
hs5 156000000 159999999 0.422222
hs5 160000000 163999999 0.174373
hs5 164000000 167999999 0.304393
hs5 168000000 171999999 0.678062
hs5 172000000 175999999 0.265824
hs5 176000000 179999999 0.587152
hs5 180000000 183999999 0.048403
hsY 0 3999999 0.228774
hsY 4000000 7999999 0.291884
hsY 8000000 11999999 0.236339
hsY 12000000 15999999 0.195096
hsY 16000000 19999999 0.113379
hsY 20000000 23999999 0.277849
hsY 24000000 27999999 0.144893
hsY 28000000 31999999 0.000000
hsY 32000000 35999999 0.000000
hsY 36000000 39999999 0.000000
hsY 40000000 43999999 0.000000
hsY 44000000 47999999 0.000000
hsY 48000000 51999999 0.000000
hsY 52000000 55999999 0.000000
hsY 56000000 59999999 0.022599
hs19 0 3999999 0.633735
hs19 4000000 7999999 0.604631
hs19 8000000 11999999 0.570071
hs19 12000000 15999999 0.511706
hs19 16000000 19999999 0.717185
hs19 20000000 23999999 0.222225
hs19 24000000 27999999 0.010984
hs19 28000000 31999999 0.000000
hs19 32000000 35999999 0.090009
hs19 36000000 39999999 0.339251
hs19 40000000 43999999 0.590700
hs19 44000000 47999999 0.484597
hs19 48000000 51999999 0.483887
hs19 52000000 55999999 0.664832
hs19 56000000 59999999 0.503805
hs19 60000000 63999999 0.491960
hs1 0 3999999 0.525210
hs1 4000000 7999999 0.497797
hs1 8000000 11999999 0.599337
hs1 12000000 15999999 0.483137
hs1 16000000 19999999 0.550178
hs1 20000000 23999999 0.520555
hs1 24000000 27999999 0.533331
hs1 28000000 31999999 0.417113
hs1 32000000 35999999 0.542972
hs1 36000000 39999999 0.451209
hs1 40000000 43999999 0.531060
hs1 44000000 47999999 0.616379
hs1 48000000 51999999 0.738916
hs1 52000000 55999999 0.607182
hs1 56000000 59999999 0.549976
hs1 60000000 63999999 0.435537
hs1 64000000 67999999 0.678024
hs1 68000000 71999999 0.358933
hs1 72000000 75999999 0.423731
hs1 76000000 79999999 0.529995
hs1 80000000 83999999 0.048007
hs1 84000000 87999999 0.534873
hs1 88000000 91999999 0.277082
hs1 92000000 95999999 0.491566
hs1 96000000 99999999 0.324356
hs1 100000000 103999999 0.311460
hs1 104000000 107999999 0.213869
hs1 108000000 111999999 0.464114
hs1 112000000 115999999 0.473668
hs1 116000000 119999999 0.371391
hs1 120000000 123999999 0.082422
hs1 124000000 127999999 0.000000
hs1 128000000 131999999 0.000000
hs1 132000000 135999999 0.000000
hs1 136000000 139999999 0.000000
hs1 140000000 143999999 0.185626
hs1 144000000 147999999 0.310888
hs1 148000000 151999999 0.421118
hs1 152000000 155999999 0.625761
hs1 156000000 159999999 0.364478
hs1 160000000 163999999 0.409224
hs1 164000000 167999999 0.443261
hs1 168000000 171999999 0.452959
hs1 172000000 175999999 0.649075
hs1 176000000 179999999 0.622013
hs1 180000000 183999999 0.506634
hs1 184000000 187999999 0.185347
hs1 188000000 191999999 0.178927
hs1 192000000 195999999 0.297405
hs1 196000000 199999999 0.291455
hs1 200000000 203999999 0.589209
hs1 204000000 207999999 0.353928
hs1 208000000 211999999 0.550241
hs1 212000000 215999999 0.651596
hs1 216000000 219999999 0.215943
hs1 220000000 223999999 0.434538
hs1 224000000 227999999 0.412331
hs1 228000000 231999999 0.570002
hs1 232000000 235999999 0.627615
hs1 236000000 239999999 0.442339
hs1 240000000 243999999 0.591099
hs1 244000000 247999999 0.366758
hs2 0 3999999 0.428595
hs2 4000000 7999999 0.061836
hs2 8000000 11999999 0.428173
hs2 12000000 15999999 0.117699
hs2 16000000 19999999 0.123119
hs2 20000000 23999999 0.229006
hs2 24000000 27999999 0.703332
hs2 28000000 31999999 0.612973
hs2 32000000 35999999 0.377269
hs2 36000000 39999999 0.463626
hs2 40000000 43999999 0.360661
hs2 44000000 47999999 0.555880
hs2 48000000 51999999 0.439708
hs2 52000000 55999999 0.416014
hs2 56000000 59999999 0.100565
hs2 60000000 63999999 0.501734
hs2 64000000 67999999 0.168725
hs2 68000000 71999999 0.509790
hs2 72000000 75999999 0.550140
hs2 76000000 79999999 0.298912
hs2 80000000 83999999 0.183238
hs2 84000000 87999999 0.520018
hs2 88000000 91999999 0.093329
hs2 92000000 95999999 0.081702
hs2 96000000 99999999 0.656052
hs2 100000000 103999999 0.345591
hs2 104000000 107999999 0.201310
hs2 108000000 111999999 0.615999
hs2 112000000 115999999 0.547635
hs2 116000000 119999999 0.180181
hs2 120000000 123999999 0.287220
hs2 124000000 127999999 0.285813
hs2 128000000 131999999 0.282201
hs2 132000000 135999999 0.597595
hs2 136000000 139999999 0.333711
hs2 140000000 143999999 0.615400
hs2 144000000 147999999 0.225242
hs2 148000000 151999999 0.372240
hs2 152000000 155999999 0.452390
hs2 156000000 159999999 0.398909
hs2 160000000 163999999 0.521027
hs2 164000000 167999999 0.447646
hs2 168000000 171999999 0.651352
hs2 172000000 175999999 0.473439
hs2 176000000 179999999 0.512755
hs2 180000000 183999999 0.397394
hs2 184000000 187999999 0.181288
hs2 188000000 191999999 0.432299
hs2 192000000 195999999 0.073845
hs2 196000000 199999999 0.515832
hs2 200000000 203999999 0.610468
hs2 204000000 207999999 0.497982
hs2 208000000 211999999 0.413099
hs2 212000000 215999999 0.736591
hs2 216000000 219999999 0.495311
hs2 220000000 223999999 0.190877
hs2 224000000 227999999 0.372948
hs2 228000000 231999999 0.521455
hs2 232000000 235999999 0.590472
hs2 236000000 239999999 0.512209
hs2 240000000 243999999 0.300781
hs8 0 3999999 0.485382
hs8 4000000 7999999 0.393199
hs8 8000000 11999999 0.435298
hs8 12000000 15999999 0.525960
hs8 16000000 19999999 0.469628
hs8 20000000 23999999 0.350121
hs8 24000000 27999999 0.401701
hs8 28000000 31999999 0.487926
hs8 32000000 35999999 0.365539
hs8 36000000 39999999 0.415481
hs8 40000000 43999999 0.399923
hs8 44000000 47999999 0.003725
hs8 48000000 51999999 0.410505
hs8 52000000 55999999 0.349663
hs8 56000000 59999999 0.302847
hs8 60000000 63999999 0.420692
hs8 64000000 67999999 0.272293
hs8 68000000 71999999 0.531156
hs8 72000000 75999999 0.389171
hs8 76000000 79999999 0.142406
hs8 80000000 83999999 0.217140
hs8 84000000 87999999 0.367774
hs8 88000000 91999999 0.273514
hs8 92000000 95999999 0.296113
hs8 96000000 99999999 0.436049
hs8 100000000 103999999 0.557033
hs8 104000000 107999999 0.544208
hs8 108000000 111999999 0.245459
hs8 112000000 115999999 0.303545
hs8 116000000 119999999 0.351332
hs8 120000000 123999999 0.329638
hs8 124000000 127999999 0.368099
hs8 128000000 131999999 0.244779
hs8 132000000 135999999 0.419615
hs8 136000000 139999999 0.237070
hs8 140000000 143999999 0.455903
hs8 144000000 147999999 0.273585
hs6 0 3999999 0.398729
hs6 4000000 7999999 0.527009
hs6 8000000 11999999 0.212087
hs6 12000000 15999999 0.385945
hs6 16000000 19999999 0.316946
hs6 20000000 23999999 0.362748
hs6 24000000 27999999 0.404560
hs6 28000000 31999999 0.299662
hs6 32000000 35999999 0.554936
hs6 36000000 39999999 0.695186
hs6 40000000 43999999 0.490497
hs6 44000000 47999999 0.525828
hs6 48000000 51999999 0.215016
hs6 52000000 55999999 0.413189
hs6 56000000 59999999 0.239029
hs6 60000000 63999999 0.151559
hs6 64000000 67999999 0.527796
hs6 68000000 71999999 0.441912
hs6 72000000 75999999 0.396752
hs6 76000000 79999999 0.217612
hs6 80000000 83999999 0.212460
hs6 84000000 87999999 0.250440
hs6 88000000 91999999 0.471147
hs6 92000000 95999999 0.062241
hs6 96000000 99999999 0.235667
hs6 100000000 103999999 0.324508
hs6 104000000 107999999 0.324443
hs6 108000000 111999999 0.618738
hs6 112000000 115999999 0.127629
hs6 116000000 119999999 0.536074
hs6 120000000 123999999 0.274763
hs6 124000000 127999999 0.455285
hs6 128000000 131999999 0.550519
hs6 132000000 135999999 0.466429
hs6 136000000 139999999 0.532000
hs6 140000000 143999999 0.236035
hs6 144000000 147999999 0.528204
hs6 148000000 151999999 0.492841
hs6 152000000 155999999 0.513779
hs6 156000000 159999999 0.420373
hs6 160000000 163999999 0.769408
hs6 164000000 167999999 0.286378
hs6 168000000 171999999 0.234132
hs17 0 3999999 0.697148
hs17 4000000 7999999 0.527203
hs17 8000000 11999999 0.665497
hs17 12000000 15999999 0.280482
hs17 16000000 19999999 0.597872
hs17 20000000 23999999 0.297984
hs17 24000000 27999999 0.678893
hs17 28000000 31999999 0.597844
hs17 32000000 35999999 0.579615
hs17 36000000 39999999 0.506683
hs17 40000000 43999999 0.598724
hs17 44000000 47999999 0.481803
hs17 48000000 51999999 0.183321
hs17 52000000 55999999 0.620810
hs17 56000000 59999999 0.693802
hs17 60000000 63999999 0.642757
hs17 64000000 67999999 0.176926
hs17 68000000 71999999 0.647935
hs17 72000000 75999999 0.542293
hs17 76000000 79999999 0.478233
hs14 0 3999999 0.000000
hs14 4000000 7999999 0.000000
hs14 8000000 11999999 0.000000
hs14 12000000 15999999 0.000000
hs14 16000000 19999999 0.051483
hs14 20000000 23999999 0.298807
hs14 24000000 27999999 0.100404
hs14 28000000 31999999 0.374545
hs14 32000000 35999999 0.539264
hs14 36000000 39999999 0.297723
hs14 40000000 43999999 0.074248
hs14 44000000 47999999 0.291164
hs14 48000000 51999999 0.399010
hs14 52000000 55999999 0.386071
hs14 56000000 59999999 0.388005
hs14 60000000 63999999 0.532367
hs14 64000000 67999999 0.649508
hs14 68000000 71999999 0.553529
hs14 72000000 75999999 0.725451
hs14 76000000 79999999 0.566046
hs14 80000000 83999999 0.216038
hs14 84000000 87999999 0.091911
hs14 88000000 91999999 0.678463
hs14 92000000 95999999 0.515607
hs14 96000000 99999999 0.262167
hs14 100000000 103999999 0.465299
hs14 104000000 107999999 0.136518
hs21 0 3999999 0.000000
hs21 4000000 7999999 0.000000
hs21 8000000 11999999 0.109415
hs21 12000000 15999999 0.117021
hs21 16000000 19999999 0.250017
hs21 20000000 23999999 0.150274
hs21 24000000 27999999 0.165296
hs21 28000000 31999999 0.346847
hs21 32000000 35999999 0.464179
hs21 36000000 39999999 0.521439
hs21 40000000 43999999 0.587492
hs21 44000000 47999999 0.446606
