hsX 0 44999999 0.359421
hsX 45000000 89999999 0.275820
hsX 90000000 134999999 0.331898
hsX 135000000 179999999 0.107044
hs12 0 44999999 0.454320
hs12 45000000 89999999 0.357786
hs12 90000000 134999999 0.464223
hs22 0 44999999 0.385069
hs22 45000000 89999999 0.041573
hs11 0 44999999 0.404466
hs11 45000000 89999999 0.441477
hs11 90000000 134999999 0.407588
hs10 0 44999999 0.384053
hs10 45000000 89999999 0.469473
hs10 90000000 134999999 0.477165
hs10 135000000 179999999 0.003818
hs7 0 44999999 0.463188
hs7 45000000 89999999 0.354822
hs7 90000000 134999999 0.484586
hs7 135000000 179999999 0.265891
hs20 0 44999999 0.439340
hs20 45000000 89999999 0.154003
hs16 0 44999999 0.370598
hs16 45000000 89999999 0.409488
hs4 0 44999999 0.338630
hs4 45000000 89999999 0.334052
hs4 90000000 134999999 0.346210
hs4 135000000 179999999 0.354791
hs4 180000000 224999999 0.054093
hs18 0 44999999 0.381405
hs18 45000000 89999999 0.216725
hs13 0 44999999 0.273775
hs13 45000000 89999999 0.201132
hs13 90000000 134999999 0.259603
hs3 0 44999999 0.432610
hs3 45000000 89999999 0.484926
hs3 90000000 134999999 0.418773
hs3 135000000 179999999 0.391379
hs3 180000000 224999999 0.192401
hs9 0 44999999 0.355238
hs9 45000000 89999999 0.168408
hs9 90000000 134999999 0.494448
hs9 135000000 179999999 0.062961
hs15 0 44999999 0.261605
hs15 45000000 89999999 0.539138
hs15 90000000 134999999 0.069401
hs5 0 44999999 0.311923
hs5 45000000 89999999 0.393673
hs5 90000000 134999999 0.314593
hs5 135000000 179999999 0.531247
hs5 180000000 224999999 0.004303
hsY 0 44999999 0.132286
hsY 45000000 89999999 0.002009
hs19 0 44999999 0.390587
hs19 45000000 89999999 0.224487
hs1 0 44999999 0.519074
hs1 45000000 89999999 0.487154
hs1 90000000 134999999 0.254517
hs1 135000000 179999999 0.398614
hs1 180000000 224999999 0.388615
hs1 225000000 269999999 0.257195
hs2 0 44999999 0.361508
hs2 45000000 89999999 0.370625
hs2 90000000 134999999 0.345723
hs2 135000000 179999999 0.462566
hs2 180000000 224999999 0.409679
hs2 225000000 269999999 0.198574
hs8 0 44999999 0.420459
hs8 45000000 89999999 0.319714
hs8 90000000 134999999 0.366263
hs8 135000000 179999999 0.091206
hs6 0 44999999 0.420949
hs6 45000000 89999999 0.331077
hs6 90000000 134999999 0.358114
hs6 135000000 179999999 0.374349
hs17 0 44999999 0.545072
hs17 45000000 89999999 0.387890
hs14 0 44999999 0.161657
hs14 45000000 89999999 0.447882
hs14 90000000 134999999 0.154339
hs21 0 44999999 0.256330
hs21 45000000 89999999 0.024433
