hsX 0 15999999 0.345203
hsX 16000000 31999999 0.415358
hsX 32000000 47999999 0.306583
hsX 48000000 63999999 0.264052
hsX 64000000 79999999 0.343164
hsX 80000000 95999999 0.178718
hsX 96000000 111999999 0.475690
hsX 112000000 127999999 0.220309
hsX 128000000 143999999 0.258633
hsX 144000000 159999999 0.213432
hs12 0 15999999 0.561599
hs12 16000000 31999999 0.414404
hs12 32000000 47999999 0.351952
hs12 48000000 63999999 0.420433
hs12 64000000 79999999 0.348324
hs12 80000000 95999999 0.312747
hs12 96000000 111999999 0.572729
hs12 112000000 127999999 0.461107
hs12 128000000 143999999 0.146380
hs22 0 15999999 0.013901
hs22 16000000 31999999 0.598210
hs22 32000000 47999999 0.539055
hs22 48000000 63999999 0.048764
hs11 0 15999999 0.505685
hs11 16000000 31999999 0.413042
hs11 32000000 47999999 0.333782
hs11 48000000 63999999 0.269634
hs11 64000000 79999999 0.562898
hs11 80000000 95999999 0.423178
hs11 96000000 111999999 0.382313
hs11 112000000 127999999 0.419848
hs11 128000000 143999999 0.215176
hs10 0 15999999 0.398660
hs10 16000000 31999999 0.489187
hs10 32000000 47999999 0.252169
hs10 48000000 63999999 0.420052
hs10 64000000 79999999 0.589655
hs10 80000000 95999999 0.443569
hs10 96000000 111999999 0.529242
hs10 112000000 127999999 0.467115
hs10 128000000 143999999 0.163660
hs7 0 15999999 0.447851
hs7 16000000 31999999 0.412102
hs7 32000000 47999999 0.494214
hs7 48000000 63999999 0.164939
hs7 64000000 79999999 0.529360
hs7 80000000 95999999 0.431845
hs7 96000000 111999999 0.543649
hs7 112000000 127999999 0.363300
hs7 128000000 143999999 0.522783
hs7 144000000 159999999 0.501328
hs20 0 15999999 0.471536
hs20 16000000 31999999 0.330915
hs20 32000000 47999999 0.531274
hs20 48000000 63999999 0.335051
hs16 0 15999999 0.564824
hs16 16000000 31999999 0.473534
hs16 32000000 47999999 0.084867
hs16 48000000 63999999 0.272263
hs16 64000000 79999999 0.517762
hs16 80000000 95999999 0.280742
hs4 0 15999999 0.420212
hs4 16000000 31999999 0.269617
hs4 32000000 47999999 0.362851
hs4 48000000 63999999 0.201845
hs4 64000000 79999999 0.349289
hs4 80000000 95999999 0.527340
hs4 96000000 111999999 0.403505
hs4 112000000 127999999 0.279902
hs4 128000000 143999999 0.201660
hs4 144000000 159999999 0.386900
hs4 160000000 175999999 0.385609
hs4 176000000 191999999 0.226891
hs18 0 15999999 0.398627
hs18 16000000 31999999 0.388039
hs18 32000000 47999999 0.356855
hs18 48000000 63999999 0.325555
hs18 64000000 79999999 0.213162
hs13 0 15999999 0.000000
hs13 16000000 31999999 0.378106
hs13 32000000 47999999 0.458625
hs13 48000000 63999999 0.187215
hs13 64000000 79999999 0.284604
hs13 80000000 95999999 0.283888
hs13 96000000 111999999 0.392551
hs13 112000000 127999999 0.080820
hs3 0 15999999 0.497735
hs3 16000000 31999999 0.337368
hs3 32000000 47999999 0.490411
hs3 48000000 63999999 0.727594
hs3 64000000 79999999 0.409176
hs3 80000000 95999999 0.134504
hs3 96000000 111999999 0.327239
hs3 112000000 127999999 0.577241
hs3 128000000 143999999 0.546242
hs3 144000000 159999999 0.328338
hs3 160000000 175999999 0.396654
hs3 176000000 191999999 0.415678
hs3 192000000 207999999 0.212070
hs9 0 15999999 0.446833
hs9 16000000 31999999 0.286833
hs9 32000000 47999999 0.269318
hs9 48000000 63999999 0.000000
hs9 64000000 79999999 0.328216
hs9 80000000 95999999 0.296758
hs9 96000000 111999999 0.399212
hs9 112000000 127999999 0.556662
hs9 128000000 143999999 0.456634
hs15 0 15999999 0.000000
hs15 16000000 31999999 0.339522
hs15 32000000 47999999 0.485808
hs15 48000000 63999999 0.562306
hs15 64000000 79999999 0.526393
hs15 80000000 95999999 0.395331
hs15 96000000 111999999 0.137919
hs5 0 15999999 0.345050
hs5 16000000 31999999 0.202325
hs5 32000000 47999999 0.357212
hs5 48000000 63999999 0.336995
hs5 64000000 79999999 0.560902
hs5 80000000 95999999 0.356377
hs5 96000000 111999999 0.248116
hs5 112000000 127999999 0.278662
hs5 128000000 143999999 0.774172
hs5 144000000 159999999 0.401149
hs5 160000000 175999999 0.355663
hs5 176000000 191999999 0.158889
hsY 0 15999999 0.238023
hsY 16000000 31999999 0.134030
hsY 32000000 47999999 0.000000
hsY 48000000 63999999 0.005650
hs19 0 15999999 0.580036
hs19 16000000 31999999 0.237598
hs19 32000000 47999999 0.376139
hs19 48000000 63999999 0.536121
hs1 0 15999999 0.526370
hs1 16000000 31999999 0.505294
hs1 32000000 47999999 0.535405
hs1 48000000 63999999 0.582903
hs1 64000000 79999999 0.497671
hs1 80000000 95999999 0.337882
hs1 96000000 111999999 0.328450
hs1 112000000 127999999 0.231870
hs1 128000000 143999999 0.046407
hs1 144000000 159999999 0.430561
hs1 160000000 175999999 0.488630
hs1 176000000 191999999 0.373230
hs1 192000000 207999999 0.382999
hs1 208000000 223999999 0.463079
hs1 224000000 239999999 0.513072
hs1 240000000 255999999 0.239464
hs2 0 15999999 0.259076
hs2 16000000 31999999 0.417107
hs2 32000000 47999999 0.439359
hs2 48000000 63999999 0.364505
hs2 64000000 79999999 0.381892
hs2 80000000 95999999 0.219572
hs2 96000000 111999999 0.454738
hs2 112000000 127999999 0.325212
hs2 128000000 143999999 0.457227
hs2 144000000 159999999 0.362195
hs2 160000000 175999999 0.523366
hs2 176000000 191999999 0.380934
hs2 192000000 207999999 0.424532
hs2 208000000 223999999 0.458970
hs2 224000000 239999999 0.499271
hs2 240000000 255999999 0.075195
hs8 0 15999999 0.459960
hs8 16000000 31999999 0.427344
hs8 32000000 47999999 0.296167
hs8 48000000 63999999 0.370927
hs8 64000000 79999999 0.333756
hs8 80000000 95999999 0.288635
hs8 96000000 111999999 0.445687
hs8 112000000 127999999 0.338153
hs8 128000000 143999999 0.339342
hs8 144000000 159999999 0.068396
hs6 0 15999999 0.380942
hs6 16000000 31999999 0.345979
hs6 32000000 47999999 0.566612
hs6 48000000 63999999 0.254698
hs6 64000000 79999999 0.396018
hs6 80000000 95999999 0.249072
hs6 96000000 111999999 0.375839
hs6 112000000 127999999 0.348438
hs6 128000000 143999999 0.446246
hs6 144000000 159999999 0.488799
hs6 160000000 175999999 0.322479
hs17 0 15999999 0.542583
hs17 16000000 31999999 0.543148
hs17 32000000 47999999 0.541706
hs17 48000000 63999999 0.535173
hs17 64000000 79999999 0.461347
hs14 0 15999999 0.000000
hs14 16000000 31999999 0.206310
hs14 32000000 47999999 0.300600
hs14 48000000 63999999 0.426363
hs14 64000000 79999999 0.623634
hs14 80000000 95999999 0.375505
hs14 96000000 111999999 0.215996
hs21 0 15999999 0.056609
hs21 16000000 31999999 0.228108
hs21 32000000 47999999 0.504929
