hsX 0 17999999 0.358658
hsX 18000000 35999999 0.395365
hsX 36000000 53999999 0.344342
hsX 54000000 71999999 0.268590
hsX 72000000 89999999 0.221150
hsX 90000000 107999999 0.364397
hsX 108000000 125999999 0.313267
hsX 126000000 143999999 0.229976
hsX 144000000 161999999 0.189717
hs12 0 17999999 0.512964
hs12 18000000 35999999 0.393537
hs12 36000000 53999999 0.449942
hs12 54000000 71999999 0.366777
hs12 72000000 89999999 0.307046
hs12 90000000 107999999 0.472079
hs12 108000000 125999999 0.526761
hs12 126000000 143999999 0.161717
hs22 0 17999999 0.074847
hs22 18000000 35999999 0.565606
hs22 36000000 53999999 0.426152
hs11 0 17999999 0.520751
hs11 18000000 35999999 0.404758
hs11 36000000 53999999 0.216156
hs11 54000000 71999999 0.442164
hs11 72000000 89999999 0.531028
hs11 90000000 107999999 0.383221
hs11 108000000 125999999 0.416437
hs11 126000000 143999999 0.219311
hs10 0 17999999 0.419440
hs10 18000000 35999999 0.487049
hs10 36000000 53999999 0.315724
hs10 54000000 71999999 0.403843
hs10 72000000 89999999 0.507761
hs10 90000000 107999999 0.596107
hs10 108000000 125999999 0.394006
hs10 126000000 143999999 0.212344
hs7 0 17999999 0.437408
hs7 18000000 35999999 0.444937
hs7 36000000 53999999 0.412220
hs7 54000000 71999999 0.267548
hs7 72000000 89999999 0.482913
hs7 90000000 107999999 0.553023
hs7 108000000 125999999 0.341806
hs7 126000000 143999999 0.535740
hs7 144000000 161999999 0.445625
hs20 0 17999999 0.467547
hs20 18000000 35999999 0.398754
hs20 36000000 53999999 0.419336
hs20 54000000 71999999 0.197719
hs16 0 17999999 0.539171
hs16 18000000 35999999 0.387325
hs16 36000000 53999999 0.168665
hs16 54000000 71999999 0.413164
hs16 72000000 89999999 0.441890
hs4 0 17999999 0.420619
hs4 18000000 35999999 0.204714
hs4 36000000 53999999 0.382395
hs4 54000000 71999999 0.211874
hs4 72000000 89999999 0.462104
hs4 90000000 107999999 0.467828
hs4 108000000 125999999 0.342491
hs4 126000000 143999999 0.189060
hs4 144000000 161999999 0.359542
hs4 162000000 179999999 0.393580
hs4 180000000 197999999 0.135234
hs18 0 17999999 0.394092
hs18 18000000 35999999 0.409030
hs18 36000000 53999999 0.362745
hs18 54000000 71999999 0.257229
hs18 72000000 89999999 0.072228
hs13 0 17999999 0.000000
hs13 18000000 35999999 0.466253
hs13 36000000 53999999 0.396164
hs13 54000000 71999999 0.160298
hs13 72000000 89999999 0.164552
hs13 90000000 107999999 0.499079
hs13 108000000 125999999 0.149928
hs3 0 17999999 0.504192
hs3 18000000 35999999 0.311190
hs3 36000000 53999999 0.613060
hs3 54000000 71999999 0.611769
hs3 72000000 89999999 0.253628
hs3 90000000 107999999 0.225600
hs3 108000000 125999999 0.527529
hs3 126000000 143999999 0.550819
hs3 144000000 161999999 0.356314
hs3 162000000 179999999 0.365118
hs3 180000000 197999999 0.430605
hs3 198000000 215999999 0.050398
hs9 0 17999999 0.455426
hs9 18000000 35999999 0.316252
hs9 36000000 53999999 0.119864
hs9 54000000 71999999 0.101721
hs9 72000000 89999999 0.315851
hs9 90000000 107999999 0.404904
hs9 108000000 125999999 0.501692
hs9 126000000 143999999 0.486926
hs15 0 17999999 0.000000
hs15 18000000 35999999 0.376644
hs15 36000000 53999999 0.548919
hs15 54000000 71999999 0.562319
hs15 72000000 89999999 0.513975
hs15 90000000 107999999 0.173503
hs5 0 17999999 0.345135
hs5 18000000 35999999 0.237233
hs5 36000000 53999999 0.283827
hs5 54000000 71999999 0.506474
hs5 72000000 89999999 0.391320
hs5 90000000 107999999 0.262774
hs5 108000000 125999999 0.309419
hs5 126000000 143999999 0.739206
hs5 144000000 161999999 0.391908
hs5 162000000 179999999 0.411292
hs5 180000000 197999999 0.010756
hsY 0 17999999 0.211576
hsY 18000000 35999999 0.119138
hsY 36000000 53999999 0.000000
hsY 54000000 71999999 0.005022
hs19 0 17999999 0.594751
hs19 18000000 35999999 0.152037
hs19 36000000 53999999 0.494338
hs19 54000000 71999999 0.296558
hs1 0 17999999 0.530907
hs1 18000000 35999999 0.506789
hs1 36000000 53999999 0.599671
hs1 54000000 71999999 0.504154
hs1 72000000 89999999 0.374049
hs1 90000000 107999999 0.327049
hs1 108000000 125999999 0.309243
hs1 126000000 143999999 0.041250
hs1 144000000 161999999 0.433834
hs1 162000000 179999999 0.521449
hs1 180000000 197999999 0.278264
hs1 198000000 215999999 0.522790
hs1 216000000 233999999 0.424021
hs1 234000000 251999999 0.389451
hs2 0 17999999 0.253676
hs2 18000000 35999999 0.431214
hs2 36000000 53999999 0.427130
hs2 54000000 71999999 0.354360
hs2 72000000 89999999 0.363953
hs2 90000000 107999999 0.287223
hs2 108000000 125999999 0.411897
hs2 126000000 143999999 0.420493
hs2 144000000 161999999 0.378682
hs2 162000000 179999999 0.522429
hs2 180000000 197999999 0.313805
hs2 198000000 215999999 0.543705
hs2 216000000 233999999 0.419772
hs2 234000000 251999999 0.243351
hs8 0 17999999 0.459121
hs8 18000000 35999999 0.410824
hs8 36000000 53999999 0.328472
hs8 54000000 71999999 0.361814
hs8 72000000 89999999 0.290201
hs8 90000000 107999999 0.426112
hs8 108000000 125999999 0.333144
hs8 126000000 143999999 0.323620
hs8 144000000 161999999 0.060797
hs6 0 17999999 0.391366
hs6 18000000 35999999 0.378105
hs6 36000000 53999999 0.471915
hs6 54000000 71999999 0.350310
hs6 72000000 89999999 0.288367
hs6 90000000 107999999 0.266137
hs6 108000000 125999999 0.419001
hs6 126000000 143999999 0.424881
hs6 144000000 161999999 0.503489
hs6 162000000 179999999 0.217648
hs17 0 17999999 0.553490
hs17 18000000 35999999 0.540407
hs17 36000000 53999999 0.447517
hs17 54000000 71999999 0.564208
hs17 72000000 89999999 0.226783
hs14 0 17999999 0.000000
hs14 18000000 35999999 0.303223
hs14 36000000 53999999 0.267412
hs14 54000000 71999999 0.526283
hs14 72000000 89999999 0.426930
hs14 90000000 107999999 0.385848
hs21 0 17999999 0.092688
hs21 18000000 35999999 0.263546
hs21 36000000 53999999 0.345675
