hsX 0 13999999 0.338924
hsX 14000000 27999999 0.351197
hsX 28000000 41999999 0.412284
hsX 42000000 55999999 0.360173
hsX 56000000 69999999 0.213461
hsX 70000000 83999999 0.275097
hsX 84000000 97999999 0.219796
hsX 98000000 111999999 0.490517
hsX 112000000 125999999 0.251679
hsX 126000000 139999999 0.287265
hsX 140000000 153999999 0.229644
hsX 154000000 167999999 0.022696
hs12 0 13999999 0.566750
hs12 14000000 27999999 0.451437
hs12 28000000 41999999 0.308189
hs12 42000000 55999999 0.490454
hs12 56000000 69999999 0.337124
hs12 70000000 83999999 0.340069
hs12 84000000 97999999 0.301357
hs12 98000000 111999999 0.612837
hs12 112000000 125999999 0.486349
hs12 126000000 139999999 0.207923
hs22 0 13999999 0.000000
hs22 14000000 27999999 0.511646
hs22 28000000 41999999 0.585495
hs22 42000000 55999999 0.274208
hs11 0 13999999 0.509542
hs11 14000000 27999999 0.462313
hs11 28000000 41999999 0.266617
hs11 42000000 55999999 0.240810
hs11 56000000 69999999 0.473864
hs11 70000000 83999999 0.534481
hs11 84000000 97999999 0.378909
hs11 98000000 111999999 0.436929
hs11 112000000 125999999 0.443771
hs11 126000000 139999999 0.281971
hs10 0 13999999 0.357954
hs10 14000000 27999999 0.553777
hs10 28000000 41999999 0.278397
hs10 42000000 55999999 0.436559
hs10 56000000 69999999 0.374988
hs10 70000000 83999999 0.542591
hs10 84000000 97999999 0.511117
hs10 98000000 111999999 0.513226
hs10 112000000 125999999 0.447872
hs10 126000000 139999999 0.273014
hs7 0 13999999 0.430860
hs7 14000000 27999999 0.389800
hs7 28000000 41999999 0.551575
hs7 42000000 55999999 0.329307
hs7 56000000 69999999 0.198654
hs7 70000000 83999999 0.565639
hs7 84000000 97999999 0.400311
hs7 98000000 111999999 0.589808
hs7 112000000 125999999 0.323857
hs7 126000000 139999999 0.597168
hs7 140000000 153999999 0.482471
hs7 154000000 167999999 0.182116
hs20 0 13999999 0.396364
hs20 14000000 27999999 0.415618
hs20 28000000 41999999 0.481833
hs20 42000000 55999999 0.392760
hs20 56000000 69999999 0.220596
hs16 0 13999999 0.562039
hs16 14000000 27999999 0.498970
hs16 28000000 41999999 0.130201
hs16 42000000 55999999 0.299936
hs16 56000000 69999999 0.392307
hs16 70000000 83999999 0.480572
hs16 84000000 97999999 0.143396
hs4 0 13999999 0.431379
hs4 14000000 27999999 0.326541
hs4 28000000 41999999 0.267500
hs4 42000000 55999999 0.303958
hs4 56000000 69999999 0.194700
hs4 70000000 83999999 0.416429
hs4 84000000 97999999 0.543703
hs4 98000000 111999999 0.412542
hs4 112000000 125999999 0.307279
hs4 126000000 139999999 0.077924
hs4 140000000 153999999 0.462903
hs4 154000000 167999999 0.335207
hs4 168000000 181999999 0.335343
hs4 182000000 195999999 0.173872
hs18 0 13999999 0.439068
hs18 14000000 27999999 0.297586
hs18 28000000 41999999 0.389030
hs18 42000000 55999999 0.441062
hs18 56000000 69999999 0.210731
hs18 70000000 83999999 0.145080
hs13 0 13999999 0.000000
hs13 14000000 27999999 0.304284
hs13 28000000 41999999 0.471779
hs13 42000000 55999999 0.332758
hs13 56000000 69999999 0.175438
hs13 70000000 83999999 0.241251
hs13 84000000 97999999 0.364581
hs13 98000000 111999999 0.378468
hs13 112000000 125999999 0.092366
hs3 0 13999999 0.480284
hs3 14000000 27999999 0.356221
hs3 28000000 41999999 0.451361
hs3 42000000 55999999 0.654115
hs3 56000000 69999999 0.622656
hs3 70000000 83999999 0.268838
hs3 84000000 97999999 0.138073
hs3 98000000 111999999 0.370198
hs3 112000000 125999999 0.575785
hs3 126000000 139999999 0.552188
hs3 140000000 153999999 0.363198
hs3 154000000 167999999 0.288946
hs3 168000000 181999999 0.491022
hs3 182000000 195999999 0.421646
hs3 196000000 209999999 0.137184
hs9 0 13999999 0.427714
hs9 14000000 27999999 0.360086
hs9 28000000 41999999 0.331977
hs9 42000000 55999999 0.026491
hs9 56000000 69999999 0.034350
hs9 70000000 83999999 0.365744
hs9 84000000 97999999 0.387827
hs9 98000000 111999999 0.382577
hs9 112000000 125999999 0.532005
hs9 126000000 139999999 0.612208
hs9 140000000 153999999 0.013840
hs15 0 13999999 0.000000
hs15 14000000 27999999 0.257829
hs15 28000000 41999999 0.475621
hs15 42000000 55999999 0.539878
hs15 56000000 69999999 0.555696
hs15 70000000 83999999 0.532205
hs15 84000000 97999999 0.344593
hs15 98000000 111999999 0.091069
hs5 0 13999999 0.319938
hs5 14000000 27999999 0.273409
hs5 28000000 41999999 0.348539
hs5 42000000 55999999 0.228903
hs5 56000000 69999999 0.523831
hs5 70000000 83999999 0.519099
hs5 84000000 97999999 0.280032
hs5 98000000 111999999 0.257079
hs5 112000000 125999999 0.252831
hs5 126000000 139999999 0.483278
hs5 140000000 153999999 0.765505
hs5 154000000 167999999 0.296871
hs5 168000000 181999999 0.451269
hsY 0 13999999 0.241403
hsY 14000000 27999999 0.183800
hsY 28000000 41999999 0.000000
hsY 42000000 55999999 0.000000
hsY 56000000 69999999 0.006457
hs19 0 13999999 0.599891
hs19 14000000 27999999 0.334548
hs19 28000000 41999999 0.191766
hs19 42000000 55999999 0.566313
hs19 56000000 69999999 0.284504
hs1 0 13999999 0.524062
hs1 14000000 27999999 0.535808
hs1 28000000 41999999 0.481073
hs1 42000000 55999999 0.634593
hs1 56000000 69999999 0.493612
hs1 70000000 83999999 0.370446
hs1 84000000 97999999 0.427973
hs1 98000000 111999999 0.319833
hs1 112000000 125999999 0.264994
hs1 126000000 139999999 0.000000
hs1 140000000 153999999 0.366912
hs1 154000000 167999999 0.421762
hs1 168000000 181999999 0.561615
hs1 182000000 195999999 0.264774
hs1 196000000 209999999 0.447015
hs1 210000000 223999999 0.434959
hs1 224000000 237999999 0.480337
hs1 238000000 251999999 0.379705
hs2 0 13999999 0.264306
hs2 14000000 27999999 0.333340
hs2 28000000 41999999 0.443983
hs2 42000000 55999999 0.477769
hs2 56000000 69999999 0.300911
hs2 70000000 83999999 0.359975
hs2 84000000 97999999 0.273813
hs2 98000000 111999999 0.444473
hs2 112000000 125999999 0.353582
hs2 126000000 139999999 0.364806
hs2 140000000 153999999 0.422831
hs2 154000000 167999999 0.443699
hs2 168000000 181999999 0.508214
hs2 182000000 195999999 0.269606
hs2 196000000 209999999 0.505891
hs2 210000000 223999999 0.482726
hs2 224000000 237999999 0.495873
hs2 238000000 251999999 0.160660
hs8 0 13999999 0.428204
hs8 14000000 27999999 0.446451
hs8 28000000 41999999 0.422425
hs8 42000000 55999999 0.272651
hs8 56000000 69999999 0.378990
hs8 70000000 83999999 0.271211
hs8 84000000 97999999 0.311870
hs8 98000000 111999999 0.465316
hs8 112000000 125999999 0.358197
hs8 126000000 139999999 0.285825
hs8 140000000 153999999 0.208425
hs6 0 13999999 0.400305
hs6 14000000 27999999 0.344845
hs6 28000000 41999999 0.488827
hs6 42000000 55999999 0.423834
hs6 56000000 69999999 0.305085
hs6 70000000 83999999 0.319807
hs6 84000000 97999999 0.275687
hs6 98000000 111999999 0.377794
hs6 112000000 125999999 0.361934
hs6 126000000 139999999 0.478837
hs6 140000000 153999999 0.438674
hs6 154000000 167999999 0.489046
hs6 168000000 181999999 0.066895
hs17 0 13999999 0.577380
hs17 14000000 27999999 0.492642
hs17 28000000 41999999 0.566317
hs17 42000000 55999999 0.453340
hs17 56000000 69999999 0.512023
hs17 70000000 83999999 0.397105
hs14 0 13999999 0.000000
hs14 14000000 27999999 0.128770
hs14 28000000 41999999 0.367366
hs14 42000000 55999999 0.307499
hs14 56000000 69999999 0.528536
hs14 70000000 83999999 0.508877
hs14 84000000 97999999 0.383593
hs14 98000000 111999999 0.230682
hs21 0 13999999 0.039225
hs21 14000000 27999999 0.187067
hs21 28000000 41999999 0.471199
hs21 42000000 55999999 0.204962
