hsX 0 2999999 0.348668
hsX 3000000 5999999 0.123346
hsX 6000000 8999999 0.216213
hsX 9000000 11999999 0.540822
hsX 12000000 14999999 0.445966
hsX 15000000 17999999 0.476930
hsX 18000000 20999999 0.544210
hsX 21000000 23999999 0.315756
hsX 24000000 26999999 0.200780
hsX 27000000 29999999 0.463989
hsX 30000000 32999999 0.712981
hsX 33000000 35999999 0.134473
hsX 36000000 38999999 0.327493
hsX 39000000 41999999 0.292933
hsX 42000000 44999999 0.246757
hsX 45000000 47999999 0.300121
hsX 48000000 50999999 0.635009
hsX 51000000 53999999 0.263740
hsX 54000000 56999999 0.284515
hsX 57000000 59999999 0.078798
hsX 60000000 62999999 0.096405
hsX 63000000 65999999 0.175710
hsX 66000000 68999999 0.325182
hsX 69000000 71999999 0.650929
hsX 72000000 74999999 0.427667
hsX 75000000 77999999 0.203159
hsX 78000000 80999999 0.159032
hsX 81000000 83999999 0.113721
hsX 84000000 86999999 0.420484
hsX 87000000 89999999 0.002834
hsX 90000000 92999999 0.296297
hsX 93000000 95999999 0.058167
hsX 96000000 98999999 0.380180
hsX 99000000 101999999 0.461517
hsX 102000000 104999999 0.492529
hsX 105000000 107999999 0.497690
hsX 108000000 110999999 0.463628
hsX 111000000 113999999 0.333424
hsX 114000000 116999999 0.137980
hsX 117000000 119999999 0.524464
hsX 120000000 122999999 0.191078
hsX 123000000 125999999 0.229025
hsX 126000000 128999999 0.102088
hsX 129000000 131999999 0.420434
hsX 132000000 134999999 0.389969
hsX 135000000 137999999 0.292345
hsX 138000000 140999999 0.160340
hsX 141000000 143999999 0.014680
hsX 144000000 146999999 0.039836
hsX 147000000 149999999 0.401201
hsX 150000000 152999999 0.350984
hsX 153000000 155999999 0.346281
hs12 0 2999999 0.808620
hs12 3000000 5999999 0.471870
hs12 6000000 8999999 0.493202
hs12 9000000 11999999 0.505002
hs12 12000000 14999999 0.503761
hs12 15000000 17999999 0.295331
hs12 18000000 20999999 0.419022
hs12 21000000 23999999 0.465017
hs12 24000000 26999999 0.617543
hs12 27000000 29999999 0.442809
hs12 30000000 32999999 0.393352
hs12 33000000 35999999 0.023477
hs12 36000000 38999999 0.342295
hs12 39000000 41999999 0.408455
hs12 42000000 44999999 0.625051
hs12 45000000 47999999 0.267623
hs12 48000000 50999999 0.670392
hs12 51000000 53999999 0.385838
hs12 54000000 56999999 0.448763
hs12 57000000 59999999 0.046870
hs12 60000000 62999999 0.528219
hs12 63000000 65999999 0.454423
hs12 66000000 68999999 0.256127
hs12 69000000 71999999 0.466258
hs12 72000000 74999999 0.125872
hs12 75000000 77999999 0.322018
hs12 78000000 80999999 0.619749
hs12 81000000 83999999 0.231816
hs12 84000000 86999999 0.394602
hs12 87000000 89999999 0.148221
hs12 90000000 92999999 0.188582
hs12 93000000 95999999 0.480276
hs12 96000000 98999999 0.511271
hs12 99000000 101999999 0.506093
hs12 102000000 104999999 0.508070
hs12 105000000 107999999 0.638181
hs12 108000000 110999999 0.696024
hs12 111000000 113999999 0.370243
hs12 114000000 116999999 0.482098
hs12 117000000 119999999 0.558409
hs12 120000000 122999999 0.751014
hs12 123000000 125999999 0.302779
hs12 126000000 128999999 0.478746
hs12 129000000 131999999 0.436722
hs12 132000000 134999999 0.054837
hs22 0 2999999 0.000000
hs22 3000000 5999999 0.000000
hs22 6000000 8999999 0.000000
hs22 9000000 11999999 0.000000
hs22 12000000 14999999 0.010863
hs22 15000000 17999999 0.438219
hs22 18000000 20999999 0.447694
hs22 21000000 23999999 0.545210
hs22 24000000 26999999 0.666415
hs22 27000000 29999999 0.704992
hs22 30000000 32999999 0.666673
hs22 33000000 35999999 0.362650
hs22 36000000 38999999 0.629127
hs22 39000000 41999999 0.648146
hs22 42000000 44999999 0.656045
hs22 45000000 47999999 0.363521
hs22 48000000 50999999 0.260074
hs11 0 2999999 0.650335
hs11 3000000 5999999 0.311608
hs11 6000000 8999999 0.505996
hs11 9000000 11999999 0.589284
hs11 12000000 14999999 0.574679
hs11 15000000 17999999 0.492604
hs11 18000000 20999999 0.637009
hs11 21000000 23999999 0.280953
hs11 24000000 26999999 0.329348
hs11 27000000 29999999 0.269639
hs11 30000000 32999999 0.390334
hs11 33000000 35999999 0.521266
hs11 36000000 38999999 0.166506
hs11 39000000 41999999 0.059971
hs11 42000000 44999999 0.287464
hs11 45000000 47999999 0.613051
hs11 48000000 50999999 0.169276
hs11 51000000 53999999 0.000667
hs11 54000000 56999999 0.186182
hs11 57000000 59999999 0.325158
hs11 60000000 62999999 0.531348
hs11 63000000 65999999 0.596965
hs11 66000000 68999999 0.519482
hs11 69000000 71999999 0.493851
hs11 72000000 74999999 0.684575
hs11 75000000 77999999 0.670209
hs11 78000000 80999999 0.262456
hs11 81000000 83999999 0.488705
hs11 84000000 86999999 0.668340
hs11 87000000 89999999 0.411885
hs11 90000000 92999999 0.260149
hs11 93000000 95999999 0.427869
hs11 96000000 98999999 0.200973
hs11 99000000 101999999 0.569025
hs11 102000000 104999999 0.285579
hs11 105000000 107999999 0.555734
hs11 108000000 110999999 0.260644
hs11 111000000 113999999 0.480733
hs11 114000000 116999999 0.369264
hs11 117000000 119999999 0.489427
hs11 120000000 122999999 0.432492
hs11 123000000 125999999 0.466064
hs11 126000000 128999999 0.332889
hs11 129000000 131999999 0.554618
hs11 132000000 134999999 0.428357
hs10 0 2999999 0.453034
hs10 3000000 5999999 0.201009
hs10 6000000 8999999 0.348111
hs10 9000000 11999999 0.193626
hs10 12000000 14999999 0.727354
hs10 15000000 17999999 0.593508
hs10 18000000 20999999 0.444499
hs10 21000000 23999999 0.440706
hs10 24000000 26999999 0.702144
hs10 27000000 29999999 0.428690
hs10 30000000 32999999 0.362515
hs10 33000000 35999999 0.543739
hs10 36000000 38999999 0.114995
hs10 39000000 41999999 0.000000
hs10 42000000 44999999 0.206868
hs10 45000000 47999999 0.319286
hs10 48000000 50999999 0.552015
hs10 51000000 53999999 0.701181
hs10 54000000 56999999 0.334947
hs10 57000000 59999999 0.066544
hs10 60000000 62999999 0.395370
hs10 63000000 65999999 0.369679
hs10 66000000 68999999 0.608899
hs10 69000000 71999999 0.647616
hs10 72000000 74999999 0.695834
hs10 75000000 77999999 0.684858
hs10 78000000 80999999 0.478555
hs10 81000000 83999999 0.257660
hs10 84000000 86999999 0.335497
hs10 87000000 89999999 0.594160
hs10 90000000 92999999 0.364001
hs10 93000000 95999999 0.663990
hs10 96000000 98999999 0.684185
hs10 99000000 101999999 0.703856
hs10 102000000 104999999 0.637335
hs10 105000000 107999999 0.523276
hs10 108000000 110999999 0.196958
hs10 111000000 113999999 0.236379
hs10 114000000 116999999 0.599877
hs10 117000000 119999999 0.569925
hs10 120000000 122999999 0.330399
hs10 123000000 125999999 0.430501
hs10 126000000 128999999 0.614635
hs10 129000000 131999999 0.281193
hs10 132000000 134999999 0.320965
hs10 135000000 137999999 0.057272
hs7 0 2999999 0.551157
hs7 3000000 5999999 0.628739
hs7 6000000 8999999 0.513202
hs7 9000000 11999999 0.222021
hs7 12000000 14999999 0.327697
hs7 15000000 17999999 0.381629
hs7 18000000 20999999 0.295510
hs7 21000000 23999999 0.469171
hs7 24000000 26999999 0.289096
hs7 27000000 29999999 0.609575
hs7 30000000 32999999 0.386856
hs7 33000000 35999999 0.619414
hs7 36000000 38999999 0.565509
hs7 39000000 41999999 0.544191
hs7 42000000 44999999 0.544058
hs7 45000000 47999999 0.274403
hs7 48000000 50999999 0.444530
hs7 51000000 53999999 0.100626
hs7 54000000 56999999 0.222873
hs7 57000000 59999999 0.019373
hs7 60000000 62999999 0.006959
hs7 63000000 65999999 0.347401
hs7 66000000 68999999 0.204988
hs7 69000000 71999999 0.803695
hs7 72000000 74999999 0.548784
hs7 75000000 77999999 0.650809
hs7 78000000 80999999 0.437526
hs7 81000000 83999999 0.497441
hs7 84000000 86999999 0.258248
hs7 87000000 89999999 0.504670
hs7 90000000 92999999 0.521101
hs7 93000000 95999999 0.437075
hs7 96000000 98999999 0.326951
hs7 99000000 101999999 0.620673
hs7 102000000 104999999 0.831692
hs7 105000000 107999999 0.580643
hs7 108000000 110999999 0.312603
hs7 111000000 113999999 0.454647
hs7 114000000 116999999 0.378991
hs7 117000000 119999999 0.198645
hs7 120000000 122999999 0.555336
hs7 123000000 125999999 0.150615
hs7 126000000 128999999 0.627323
hs7 129000000 131999999 0.596411
hs7 132000000 134999999 0.676086
hs7 135000000 137999999 0.422049
hs7 138000000 140999999 0.576815
hs7 141000000 143999999 0.315756
hs7 144000000 146999999 0.573267
hs7 147000000 149999999 0.522041
hs7 150000000 152999999 0.467018
hs7 153000000 155999999 0.465719
hs7 156000000 158999999 0.645704
hs20 0 2999999 0.431161
hs20 3000000 5999999 0.470083
hs20 6000000 8999999 0.303855
hs20 9000000 11999999 0.375521
hs20 12000000 14999999 0.606958
hs20 15000000 17999999 0.617705
hs20 18000000 20999999 0.589137
hs20 21000000 23999999 0.133972
hs20 24000000 26999999 0.260862
hs20 27000000 29999999 0.126513
hs20 30000000 32999999 0.589276
hs20 33000000 35999999 0.692766
hs20 36000000 38999999 0.238062
hs20 39000000 41999999 0.601940
hs20 42000000 44999999 0.552288
hs20 45000000 47999999 0.523105
hs20 48000000 50999999 0.311449
hs20 51000000 53999999 0.289174
hs20 54000000 56999999 0.297902
hs20 57000000 59999999 0.408586
hs20 60000000 62999999 0.479826
hs16 0 2999999 0.709029
hs16 3000000 5999999 0.470387
hs16 6000000 8999999 0.657643
hs16 9000000 11999999 0.421850
hs16 12000000 14999999 0.547828
hs16 15000000 17999999 0.428288
hs16 18000000 20999999 0.517458
hs16 21000000 23999999 0.584812
hs16 24000000 26999999 0.361792
hs16 27000000 29999999 0.537867
hs16 30000000 32999999 0.306353
hs16 33000000 35999999 0.015670
hs16 36000000 38999999 0.000000
hs16 39000000 41999999 0.000000
hs16 42000000 44999999 0.000000
hs16 45000000 47999999 0.431560
hs16 48000000 50999999 0.254240
hs16 51000000 53999999 0.326192
hs16 54000000 56999999 0.573647
hs16 57000000 59999999 0.070612
hs16 60000000 62999999 0.127601
hs16 63000000 65999999 0.421833
hs16 66000000 68999999 0.746479
hs16 69000000 71999999 0.538813
hs16 72000000 74999999 0.351779
hs16 75000000 77999999 0.553267
hs16 78000000 80999999 0.430591
hs16 81000000 83999999 0.646523
hs16 84000000 86999999 0.252327
hs16 87000000 89999999 0.416855
hs4 0 2999999 0.670962
hs4 3000000 5999999 0.477723
hs4 6000000 8999999 0.632938
hs4 9000000 11999999 0.169507
hs4 12000000 14999999 0.100911
hs4 15000000 17999999 0.471669
hs4 18000000 20999999 0.351425
hs4 21000000 23999999 0.307567
hs4 24000000 26999999 0.354258
hs4 27000000 29999999 0.000000
hs4 30000000 32999999 0.142129
hs4 33000000 35999999 0.072907
hs4 36000000 38999999 0.417523
hs4 39000000 41999999 0.615776
hs4 42000000 44999999 0.294156
hs4 45000000 47999999 0.534841
hs4 48000000 50999999 0.168620
hs4 51000000 53999999 0.263451
hs4 54000000 56999999 0.355065
hs4 57000000 59999999 0.097594
hs4 60000000 62999999 0.191777
hs4 63000000 65999999 0.087706
hs4 66000000 68999999 0.261158
hs4 69000000 71999999 0.277945
hs4 72000000 74999999 0.418516
hs4 75000000 77999999 0.464933
hs4 78000000 80999999 0.391608
hs4 81000000 83999999 0.463036
hs4 84000000 86999999 0.402856
hs4 87000000 89999999 0.631672
hs4 90000000 92999999 0.637470
hs4 93000000 95999999 0.638455
hs4 96000000 98999999 0.327146
hs4 99000000 101999999 0.418566
hs4 102000000 104999999 0.490879
hs4 105000000 107999999 0.294454
hs4 108000000 110999999 0.497717
hs4 111000000 113999999 0.256649
hs4 114000000 116999999 0.426524
hs4 117000000 119999999 0.158593
hs4 120000000 122999999 0.320054
hs4 123000000 125999999 0.395410
hs4 126000000 128999999 0.118446
hs4 129000000 131999999 0.198700
hs4 132000000 134999999 0.014088
hs4 135000000 137999999 0.001805
hs4 138000000 140999999 0.191255
hs4 141000000 143999999 0.610067
hs4 144000000 146999999 0.324004
hs4 147000000 149999999 0.478673
hs4 150000000 152999999 0.467655
hs4 153000000 155999999 0.436464
hs4 156000000 158999999 0.233233
hs4 159000000 161999999 0.217224
hs4 162000000 164999999 0.400302
hs4 165000000 167999999 0.396240
hs4 168000000 170999999 0.564265
hs4 171000000 173999999 0.366178
hs4 174000000 176999999 0.325390
hs4 177000000 179999999 0.309103
hs4 180000000 182999999 0.000000
hs4 183000000 185999999 0.443844
hs4 186000000 188999999 0.327485
hs4 189000000 191999999 0.040073
hs18 0 2999999 0.330119
hs18 3000000 5999999 0.296722
hs18 6000000 8999999 0.551362
hs18 9000000 11999999 0.457103
hs18 12000000 14999999 0.486583
hs18 15000000 17999999 0.242663
hs18 18000000 20999999 0.463937
hs18 21000000 23999999 0.418643
hs18 24000000 26999999 0.044760
hs18 27000000 29999999 0.587092
hs18 30000000 32999999 0.630631
hs18 33000000 35999999 0.309118
hs18 36000000 38999999 0.179681
hs18 39000000 41999999 0.254781
hs18 42000000 44999999 0.467875
hs18 45000000 47999999 0.377710
hs18 48000000 50999999 0.492010
hs18 51000000 53999999 0.404410
hs18 54000000 56999999 0.316764
hs18 57000000 59999999 0.442862
hs18 60000000 62999999 0.076862
hs18 63000000 65999999 0.370525
hs18 66000000 68999999 0.064359
hs18 69000000 71999999 0.271999
hs18 72000000 74999999 0.192286
hs18 75000000 77999999 0.241080
hs13 0 2999999 0.000000
hs13 3000000 5999999 0.000000
hs13 6000000 8999999 0.000000
hs13 9000000 11999999 0.000000
hs13 12000000 14999999 0.000000
hs13 15000000 17999999 0.000000
hs13 18000000 20999999 0.450335
hs13 21000000 23999999 0.294615
hs13 24000000 26999999 0.476033
hs13 27000000 29999999 0.478451
hs13 30000000 32999999 0.462090
hs13 33000000 35999999 0.635995
hs13 36000000 38999999 0.317976
hs13 39000000 41999999 0.506135
hs13 42000000 44999999 0.484989
hs13 45000000 47999999 0.355948
hs13 48000000 50999999 0.449792
hs13 51000000 53999999 0.262141
hs13 54000000 56999999 0.025192
hs13 57000000 59999999 0.242362
hs13 60000000 62999999 0.017284
hs13 63000000 65999999 0.076723
hs13 66000000 68999999 0.310338
hs13 69000000 71999999 0.289892
hs13 72000000 74999999 0.342280
hs13 75000000 77999999 0.294307
hs13 78000000 80999999 0.206060
hs13 81000000 83999999 0.140114
hs13 84000000 86999999 0.002188
hs13 87000000 89999999 0.002366
hs13 90000000 92999999 0.611451
hs13 93000000 95999999 0.757948
hs13 96000000 98999999 0.541065
hs13 99000000 101999999 0.713139
hs13 102000000 104999999 0.093261
hs13 105000000 107999999 0.277612
hs13 108000000 110999999 0.467159
hs13 111000000 113999999 0.407466
hs13 114000000 116999999 0.024945
hs3 0 2999999 0.468618
hs3 3000000 5999999 0.263164
hs3 6000000 8999999 0.460975
hs3 9000000 11999999 0.659956
hs3 12000000 14999999 0.579473
hs3 15000000 17999999 0.592963
hs3 18000000 20999999 0.247742
hs3 21000000 23999999 0.289398
hs3 24000000 26999999 0.260151
hs3 27000000 29999999 0.395168
hs3 30000000 32999999 0.402237
hs3 33000000 35999999 0.272445
hs3 36000000 38999999 0.616177
hs3 39000000 41999999 0.501576
hs3 42000000 44999999 0.479101
hs3 45000000 47999999 0.580265
hs3 48000000 50999999 0.762071
hs3 51000000 53999999 0.739170
hs3 54000000 56999999 0.781460
hs3 57000000 59999999 0.589038
hs3 60000000 62999999 0.813851
hs3 63000000 65999999 0.524325
hs3 66000000 68999999 0.508038
hs3 69000000 71999999 0.453902
hs3 72000000 74999999 0.276647
hs3 75000000 77999999 0.224047
hs3 78000000 80999999 0.390224
hs3 81000000 83999999 0.090701
hs3 84000000 86999999 0.371815
hs3 87000000 89999999 0.168337
hs3 90000000 92999999 0.000000
hs3 93000000 95999999 0.086503
hs3 96000000 98999999 0.340381
hs3 99000000 101999999 0.530948
hs3 102000000 104999999 0.255498
hs3 105000000 107999999 0.140271
hs3 108000000 110999999 0.478179
hs3 111000000 113999999 0.337604
hs3 114000000 116999999 0.624888
hs3 117000000 119999999 0.216809
hs3 120000000 122999999 0.717353
hs3 123000000 125999999 0.790340
hs3 126000000 128999999 0.529434
hs3 129000000 131999999 0.544322
hs3 132000000 134999999 0.689062
hs3 135000000 137999999 0.548208
hs3 138000000 140999999 0.348230
hs3 141000000 143999999 0.645658
hs3 144000000 146999999 0.249698
hs3 147000000 149999999 0.112207
hs3 150000000 152999999 0.528681
hs3 153000000 155999999 0.177934
hs3 156000000 158999999 0.492666
hs3 159000000 161999999 0.576698
hs3 162000000 164999999 0.119377
hs3 165000000 167999999 0.058042
hs3 168000000 170999999 0.587055
hs3 171000000 173999999 0.578017
hs3 174000000 176999999 0.699647
hs3 177000000 179999999 0.148571
hs3 180000000 182999999 0.346111
hs3 183000000 185999999 0.396190
hs3 186000000 188999999 0.503475
hs3 189000000 191999999 0.509204
hs3 192000000 194999999 0.427025
hs3 195000000 197999999 0.401625
hs3 198000000 200999999 0.302389
hs9 0 2999999 0.358457
hs9 3000000 5999999 0.571612
hs9 6000000 8999999 0.461821
hs9 9000000 11999999 0.534241
hs9 12000000 14999999 0.240033
hs9 15000000 17999999 0.566389
hs9 18000000 20999999 0.542106
hs9 21000000 23999999 0.170609
hs9 24000000 26999999 0.058077
hs9 27000000 29999999 0.409539
hs9 30000000 32999999 0.069980
hs9 33000000 35999999 0.647199
hs9 36000000 38999999 0.459315
hs9 39000000 41999999 0.136247
hs9 42000000 44999999 0.102939
hs9 45000000 47999999 0.020684
hs9 48000000 50999999 0.000000
hs9 51000000 53999999 0.000000
hs9 54000000 56999999 0.000000
hs9 57000000 59999999 0.000000
hs9 60000000 62999999 0.000000
hs9 63000000 65999999 0.008908
hs9 66000000 68999999 0.109499
hs9 69000000 71999999 0.491921
hs9 72000000 74999999 0.483987
hs9 75000000 77999999 0.265243
hs9 78000000 80999999 0.412241
hs9 81000000 83999999 0.095307
hs9 84000000 86999999 0.368040
hs9 87000000 89999999 0.270291
hs9 90000000 92999999 0.232464
hs9 93000000 95999999 0.595292
hs9 96000000 98999999 0.508428
hs9 99000000 101999999 0.584639
hs9 102000000 104999999 0.295291
hs9 105000000 107999999 0.213312
hs9 108000000 110999999 0.170065
hs9 111000000 113999999 0.734865
hs9 114000000 116999999 0.582468
hs9 117000000 119999999 0.502456
hs9 120000000 122999999 0.280282
hs9 123000000 125999999 0.740013
hs9 126000000 128999999 0.700754
hs9 129000000 131999999 0.637782
hs9 132000000 134999999 0.638607
hs9 135000000 137999999 0.432887
hs9 138000000 140999999 0.511524
hs15 0 2999999 0.000000
hs15 3000000 5999999 0.000000
hs15 6000000 8999999 0.000000
hs15 9000000 11999999 0.000000
hs15 12000000 14999999 0.000000
hs15 15000000 17999999 0.000000
hs15 18000000 20999999 0.215413
hs15 21000000 23999999 0.188886
hs15 24000000 26999999 0.541846
hs15 27000000 29999999 0.463508
hs15 30000000 32999999 0.611015
hs15 33000000 35999999 0.239194
hs15 36000000 38999999 0.380702
hs15 39000000 41999999 0.782199
hs15 42000000 44999999 0.501309
hs15 45000000 47999999 0.477684
hs15 48000000 50999999 0.681008
hs15 51000000 53999999 0.470610
hs15 54000000 56999999 0.582283
hs15 57000000 59999999 0.480541
hs15 60000000 62999999 0.556609
hs15 63000000 65999999 0.681953
hs15 66000000 68999999 0.387689
hs15 69000000 71999999 0.684838
hs15 72000000 74999999 0.642450
hs15 75000000 77999999 0.386732
hs15 78000000 80999999 0.434757
hs15 81000000 83999999 0.627838
hs15 84000000 86999999 0.493251
hs15 87000000 89999999 0.498820
hs15 90000000 92999999 0.275013
hs15 93000000 95999999 0.030435
hs15 96000000 98999999 0.540835
hs15 99000000 101999999 0.194733
hs5 0 2999999 0.318897
hs5 3000000 5999999 0.096165
hs5 6000000 8999999 0.230552
hs5 9000000 11999999 0.685937
hs5 12000000 14999999 0.362183
hs5 15000000 17999999 0.377075
hs5 18000000 20999999 0.171733
hs5 21000000 23999999 0.421185
hs5 24000000 26999999 0.080413
hs5 27000000 29999999 0.024816
hs5 30000000 32999999 0.306992
hs5 33000000 35999999 0.418262
hs5 36000000 38999999 0.528775
hs5 39000000 41999999 0.372487
hs5 42000000 44999999 0.283368
hs5 45000000 47999999 0.145623
hs5 48000000 50999999 0.079145
hs5 51000000 53999999 0.293564
hs5 54000000 56999999 0.340985
hs5 57000000 59999999 0.643314
hs5 60000000 62999999 0.335642
hs5 63000000 65999999 0.516096
hs5 66000000 68999999 0.458520
hs5 69000000 71999999 0.744286
hs5 72000000 74999999 0.407078
hs5 75000000 77999999 0.592716
hs5 78000000 80999999 0.654455
hs5 81000000 83999999 0.440427
hs5 84000000 86999999 0.053414
hs5 87000000 89999999 0.199829
hs5 90000000 92999999 0.251453
hs5 93000000 95999999 0.678539
hs5 96000000 98999999 0.156425
hs5 99000000 101999999 0.115350
hs5 102000000 104999999 0.102519
hs5 105000000 107999999 0.272356
hs5 108000000 110999999 0.507358
hs5 111000000 113999999 0.476114
hs5 114000000 116999999 0.249390
hs5 117000000 119999999 0.241171
hs5 120000000 122999999 0.274669
hs5 123000000 125999999 0.107813
hs5 126000000 128999999 0.394117
hs5 129000000 131999999 0.418010
hs5 132000000 134999999 0.473605
hs5 135000000 137999999 0.496071
hs5 138000000 140999999 2.238799
hs5 141000000 143999999 0.414634
hs5 144000000 146999999 0.403940
hs5 147000000 149999999 0.547941
hs5 150000000 152999999 0.277872
hs5 153000000 155999999 0.346746
hs5 156000000 158999999 0.398906
hs5 159000000 161999999 0.376041
hs5 162000000 164999999 0.020513
hs5 165000000 167999999 0.405857
hs5 168000000 170999999 0.738732
hs5 171000000 173999999 0.340803
hs5 174000000 176999999 0.393011
hs5 177000000 179999999 0.568837
hs5 180000000 182999999 0.064538
hsY 0 2999999 0.304713
hsY 3000000 5999999 0.247652
hsY 6000000 8999999 0.153640
hsY 9000000 11999999 0.303324
hsY 12000000 14999999 0.153007
hsY 15000000 17999999 0.107121
hsY 18000000 20999999 0.187194
hsY 21000000 23999999 0.334443
hsY 24000000 26999999 0.193190
hsY 27000000 29999999 0.000000
hsY 30000000 32999999 0.000000
hsY 33000000 35999999 0.000000
hsY 36000000 38999999 0.000000
hsY 39000000 41999999 0.000000
hsY 42000000 44999999 0.000000
hsY 45000000 47999999 0.000000
hsY 48000000 50999999 0.000000
hsY 51000000 53999999 0.000000
hsY 54000000 56999999 0.000000
hsY 57000000 59999999 0.030132
hs19 0 2999999 0.614290
hs19 3000000 5999999 0.653817
hs19 6000000 8999999 0.559382
hs19 9000000 11999999 0.583761
hs19 12000000 14999999 0.549152
hs19 15000000 17999999 0.608104
hs19 18000000 20999999 0.555364
hs19 21000000 23999999 0.222200
hs19 24000000 26999999 0.014645
hs19 27000000 29999999 0.000000
hs19 30000000 32999999 0.001149
hs19 33000000 35999999 0.118862
hs19 36000000 38999999 0.348144
hs19 39000000 41999999 0.426753
hs19 42000000 44999999 0.603176
hs19 45000000 47999999 0.507991
hs19 48000000 50999999 0.512084
hs19 51000000 53999999 0.567880
hs19 54000000 56999999 0.577061
hs19 57000000 59999999 0.546340
hs19 60000000 62999999 0.506272
hs19 63000000 65999999 0.149674
hs1 0 2999999 0.450058
hs1 3000000 5999999 0.340571
hs1 6000000 8999999 0.758400
hs1 9000000 11999999 0.614097
hs1 12000000 14999999 0.357952
hs1 15000000 17999999 0.664361
hs1 18000000 20999999 0.471003
hs1 21000000 23999999 0.578509
hs1 24000000 26999999 0.533347
hs1 27000000 29999999 0.555447
hs1 30000000 32999999 0.363308
hs1 33000000 35999999 0.539119
hs1 36000000 38999999 0.371641
hs1 39000000 41999999 0.593252
hs1 42000000 44999999 0.595047
hs1 45000000 47999999 0.571589
hs1 48000000 50999999 0.766869
hs1 51000000 53999999 0.699629
hs1 54000000 56999999 0.394227
hs1 57000000 59999999 0.667375
hs1 60000000 62999999 0.462833
hs1 63000000 65999999 0.568803
hs1 66000000 68999999 0.538068
hs1 69000000 71999999 0.393621
hs1 72000000 74999999 0.403508
hs1 75000000 77999999 0.656184
hs1 78000000 80999999 0.211944
hs1 81000000 83999999 0.064009
hs1 84000000 86999999 0.610757
hs1 87000000 89999999 0.297892
hs1 90000000 92999999 0.421658
hs1 93000000 95999999 0.407720
hs1 96000000 98999999 0.345222
hs1 99000000 101999999 0.321358
hs1 102000000 104999999 0.207709
hs1 105000000 107999999 0.258625
hs1 108000000 110999999 0.502038
hs1 111000000 113999999 0.446972
hs1 114000000 116999999 0.444143
hs1 117000000 119999999 0.352410
hs1 120000000 122999999 0.109896
hs1 123000000 125999999 0.000000
hs1 126000000 128999999 0.000000
hs1 129000000 131999999 0.000000
hs1 132000000 134999999 0.000000
hs1 135000000 137999999 0.000000
hs1 138000000 140999999 0.000000
hs1 141000000 143999999 0.247502
hs1 144000000 146999999 0.378954
hs1 147000000 149999999 0.457865
hs1 150000000 152999999 0.387887
hs1 153000000 155999999 0.585650
hs1 156000000 158999999 0.339154
hs1 159000000 161999999 0.453496
hs1 162000000 164999999 0.306717
hs1 165000000 167999999 0.523251
hs1 168000000 170999999 0.517856
hs1 171000000 173999999 0.599172
hs1 174000000 176999999 0.513909
hs1 177000000 179999999 0.667791
hs1 180000000 182999999 0.520523
hs1 183000000 185999999 0.402119
hs1 186000000 188999999 0.126655
hs1 189000000 191999999 0.111915
hs1 192000000 194999999 0.159405
hs1 195000000 197999999 0.348968
hs1 198000000 200999999 0.544591
hs1 201000000 203999999 0.517795
hs1 204000000 206999999 0.430077
hs1 207000000 209999999 0.481773
hs1 210000000 212999999 0.416437
hs1 213000000 215999999 0.746065
hs1 216000000 218999999 0.253041
hs1 219000000 221999999 0.243206
hs1 222000000 224999999 0.526654
hs1 225000000 227999999 0.394181
hs1 228000000 230999999 0.606411
hs1 231000000 233999999 0.520636
hs1 234000000 236999999 0.517748
hs1 237000000 239999999 0.541813
hs1 240000000 242999999 0.536635
hs1 243000000 245999999 0.651710
hs1 246000000 248999999 0.088798
hs2 0 2999999 0.430371
hs2 3000000 5999999 0.147239
hs2 6000000 8999999 0.153461
hs2 9000000 11999999 0.493734
hs2 12000000 14999999 0.011073
hs2 15000000 17999999 0.286175
hs2 18000000 20999999 0.148918
hs2 21000000 23999999 0.180264
hs2 24000000 26999999 0.702035
hs2 27000000 29999999 0.779264
hs2 30000000 32999999 0.565746
hs2 33000000 35999999 0.211054
hs2 36000000 38999999 0.441325
hs2 39000000 41999999 0.310273
hs2 42000000 44999999 0.561684
hs2 45000000 47999999 0.526940
hs2 48000000 50999999 0.548551
hs2 51000000 53999999 0.174006
hs2 54000000 56999999 0.487337
hs2 57000000 59999999 0.065156
hs2 60000000 62999999 0.434992
hs2 63000000 65999999 0.408802
hs2 66000000 68999999 0.194630
hs2 69000000 71999999 0.535241
hs2 72000000 74999999 0.631769
hs2 75000000 77999999 0.359967
hs2 78000000 80999999 0.384328
hs2 81000000 83999999 0.000323
hs2 84000000 86999999 0.500926
hs2 87000000 89999999 0.306406
hs2 90000000 92999999 0.010464
hs2 93000000 95999999 0.108937
hs2 96000000 98999999 0.590298
hs2 99000000 101999999 0.602658
hs2 102000000 104999999 0.169205
hs2 105000000 107999999 0.241775
hs2 108000000 110999999 0.593711
hs2 111000000 113999999 0.541687
hs2 114000000 116999999 0.522378
hs2 117000000 119999999 0.133977
hs2 120000000 122999999 0.382961
hs2 123000000 125999999 0.296667
hs2 126000000 128999999 0.264814
hs2 129000000 131999999 0.195871
hs2 132000000 134999999 0.530450
hs2 135000000 137999999 0.581865
hs2 138000000 140999999 0.227604
hs2 141000000 143999999 0.722355
hs2 144000000 146999999 0.299011
hs2 147000000 149999999 0.445309
hs2 150000000 152999999 0.300419
hs2 153000000 155999999 0.355091
hs2 156000000 158999999 0.299256
hs2 159000000 161999999 0.573005
hs2 162000000 164999999 0.397119
hs2 165000000 167999999 0.554062
hs2 168000000 170999999 0.646478
hs2 171000000 173999999 0.579920
hs2 174000000 176999999 0.332121
hs2 177000000 179999999 0.624875
hs2 180000000 182999999 0.408575
hs2 183000000 185999999 0.234991
hs2 186000000 188999999 0.210008
hs2 189000000 191999999 0.494400
hs2 192000000 194999999 0.098461
hs2 195000000 197999999 0.436398
hs2 198000000 200999999 0.325611
hs2 201000000 203999999 0.739724
hs2 204000000 206999999 0.523477
hs2 207000000 209999999 0.335614
hs2 210000000 212999999 0.689050
hs2 213000000 215999999 0.648755
hs2 216000000 218999999 0.440597
hs2 219000000 221999999 0.276165
hs2 222000000 224999999 0.283358
hs2 225000000 227999999 0.412060
hs2 228000000 230999999 0.506212
hs2 231000000 233999999 0.600238
hs2 234000000 236999999 0.644678
hs2 237000000 239999999 0.414387
hs2 240000000 242999999 0.401041
hs8 0 2999999 0.313843
hs8 3000000 5999999 0.613246
hs8 6000000 8999999 0.318327
hs8 9000000 11999999 0.506423
hs8 12000000 14999999 0.579803
hs8 15000000 17999999 0.423086
hs8 18000000 20999999 0.348556
hs8 21000000 23999999 0.442834
hs8 24000000 26999999 0.331376
hs8 27000000 29999999 0.505382
hs8 30000000 32999999 0.596779
hs8 33000000 35999999 0.240018
hs8 36000000 38999999 0.302189
hs8 39000000 41999999 0.531172
hs8 42000000 44999999 0.253845
hs8 45000000 47999999 0.004967
hs8 48000000 50999999 0.258013
hs8 51000000 53999999 0.620644
hs8 54000000 56999999 0.322122
hs8 57000000 59999999 0.216575
hs8 60000000 62999999 0.335607
hs8 63000000 65999999 0.351063
hs8 66000000 68999999 0.458020
hs8 69000000 71999999 0.487497
hs8 72000000 74999999 0.450907
hs8 75000000 77999999 0.179726
hs8 78000000 80999999 0.099488
hs8 81000000 83999999 0.268168
hs8 84000000 86999999 0.315886
hs8 87000000 89999999 0.427031
hs8 90000000 92999999 0.235432
hs8 93000000 95999999 0.271519
hs8 96000000 98999999 0.352852
hs8 99000000 101999999 0.668711
hs8 102000000 104999999 0.522243
hs8 105000000 107999999 0.505915
hs8 108000000 110999999 0.324703
hs8 111000000 113999999 0.234496
hs8 114000000 116999999 0.259641
hs8 117000000 119999999 0.381608
hs8 120000000 122999999 0.393877
hs8 123000000 125999999 0.404539
hs8 126000000 128999999 0.188515
hs8 129000000 131999999 0.269755
hs8 132000000 134999999 0.480139
hs8 135000000 137999999 0.164587
hs8 138000000 140999999 0.323764
hs8 141000000 143999999 0.514960
hs8 144000000 146999999 0.364780
hs6 0 2999999 0.417732
hs6 3000000 5999999 0.455490
hs6 6000000 8999999 0.382144
hs6 9000000 11999999 0.261734
hs6 12000000 14999999 0.375939
hs6 15000000 17999999 0.455159
hs6 18000000 20999999 0.293050
hs6 21000000 23999999 0.296704
hs6 24000000 26999999 0.477713
hs6 27000000 29999999 0.183959
hs6 30000000 32999999 0.445530
hs6 33000000 35999999 0.571676
hs6 36000000 38999999 0.679412
hs6 39000000 41999999 0.462317
hs6 42000000 44999999 0.555672
hs6 45000000 47999999 0.584614
hs6 48000000 50999999 0.149389
hs6 51000000 53999999 0.400086
hs6 54000000 56999999 0.437522
hs6 57000000 59999999 0.169314
hs6 60000000 62999999 0.184059
hs6 63000000 65999999 0.563267
hs6 66000000 68999999 0.158482
hs6 69000000 71999999 0.589217
hs6 72000000 74999999 0.488475
hs6 75000000 77999999 0.261176
hs6 78000000 80999999 0.177380
hs6 81000000 83999999 0.175401
hs6 84000000 86999999 0.278259
hs6 87000000 89999999 0.349515
hs6 90000000 92999999 0.334343
hs6 93000000 95999999 0.082988
hs6 96000000 98999999 0.241463
hs6 99000000 101999999 0.297219
hs6 102000000 104999999 0.208217
hs6 105000000 107999999 0.432591
hs6 108000000 110999999 0.617290
hs6 111000000 113999999 0.355960
hs6 114000000 116999999 0.198250
hs6 117000000 119999999 0.538421
hs6 120000000 122999999 0.165473
hs6 123000000 125999999 0.638613
hs6 126000000 128999999 0.423439
hs6 129000000 131999999 0.479897
hs6 132000000 134999999 0.357544
hs6 135000000 137999999 0.744004
hs6 138000000 140999999 0.229691
hs6 141000000 143999999 0.314714
hs6 144000000 146999999 0.562613
hs6 147000000 149999999 0.401299
hs6 150000000 152999999 0.706903
hs6 153000000 155999999 0.375618
hs6 156000000 158999999 0.456535
hs6 159000000 161999999 0.517963
hs6 162000000 164999999 0.611877
hs6 165000000 167999999 0.381837
hs6 168000000 170999999 0.312176
hs17 0 2999999 0.729036
hs17 3000000 5999999 0.554516
hs17 6000000 8999999 0.550680
hs17 9000000 11999999 0.685566
hs17 12000000 14999999 0.208536
hs17 15000000 17999999 0.592606
hs17 18000000 20999999 0.491890
hs17 21000000 23999999 0.275417
hs17 24000000 26999999 0.733188
hs17 27000000 29999999 0.661716
hs17 30000000 32999999 0.519849
hs17 33000000 35999999 0.560383
hs17 36000000 38999999 0.502206
hs17 39000000 41999999 0.570662
hs17 42000000 44999999 0.539829
hs17 45000000 47999999 0.503583
hs17 48000000 50999999 0.121741
hs17 51000000 53999999 0.447083
hs17 54000000 56999999 0.776177
hs17 57000000 59999999 0.652245
hs17 60000000 62999999 0.661602
hs17 63000000 65999999 0.429508
hs17 66000000 68999999 0.238537
hs17 69000000 71999999 0.627177
hs17 72000000 74999999 0.559819
hs17 75000000 77999999 0.619399
hs17 78000000 80999999 0.181483
hs14 0 2999999 0.000000
hs14 3000000 5999999 0.000000
hs14 6000000 8999999 0.000000
hs14 9000000 11999999 0.000000
hs14 12000000 14999999 0.000000
hs14 15000000 17999999 0.000000
hs14 18000000 20999999 0.180827
hs14 21000000 23999999 0.286226
hs14 24000000 26999999 0.133871
hs14 27000000 29999999 0.125297
hs14 30000000 32999999 0.672033
hs14 33000000 35999999 0.421082
hs14 36000000 38999999 0.396963
hs14 39000000 41999999 0.098997
hs14 42000000 44999999 0.109562
hs14 45000000 47999999 0.278657
hs14 48000000 50999999 0.369697
hs14 51000000 53999999 0.350594
hs14 54000000 56999999 0.428798
hs14 57000000 59999999 0.415025
hs14 60000000 62999999 0.468001
hs14 63000000 65999999 0.498902
hs14 66000000 68999999 0.794272
hs14 69000000 71999999 0.552699
hs14 72000000 74999999 0.659024
hs14 75000000 77999999 0.591247
hs14 78000000 80999999 0.739453
hs14 81000000 83999999 0.020322
hs14 84000000 86999999 0.032595
hs14 87000000 89999999 0.518937
hs14 90000000 92999999 0.726478
hs14 93000000 95999999 0.436632
hs14 96000000 98999999 0.133631
hs14 99000000 101999999 0.482303
hs14 102000000 104999999 0.516384
hs14 105000000 107999999 0.019659
hs21 0 2999999 0.000000
hs21 3000000 5999999 0.000000
hs21 6000000 8999999 0.000000
hs21 9000000 11999999 0.145887
hs21 12000000 14999999 0.121504
hs21 15000000 17999999 0.288734
hs21 18000000 20999999 0.079145
hs21 21000000 23999999 0.200366
hs21 24000000 26999999 0.200950
hs21 27000000 29999999 0.231184
hs21 30000000 32999999 0.434481
hs21 33000000 35999999 0.435148
hs21 36000000 38999999 0.580781
hs21 39000000 41999999 0.536778
hs21 42000000 44999999 0.589992
hs21 45000000 47999999 0.366498
