hsX 0 39999999 0.367024
hsX 40000000 79999999 0.302720
hsX 80000000 119999999 0.318343
hsX 120000000 159999999 0.220369
hs12 0 39999999 0.447562
hs12 40000000 79999999 0.391123
hs12 80000000 119999999 0.445378
hs12 120000000 159999999 0.151807
hs22 0 39999999 0.352424
hs22 40000000 79999999 0.127549
hs11 0 39999999 0.428967
hs11 40000000 79999999 0.405049
hs11 80000000 119999999 0.410124
hs11 120000000 159999999 0.166082
hs10 0 39999999 0.416545
hs10 40000000 79999999 0.443344
hs10 80000000 119999999 0.488812
hs10 120000000 159999999 0.152622
hs7 0 39999999 0.456196
hs7 40000000 79999999 0.363190
hs7 80000000 119999999 0.450601
hs7 120000000 159999999 0.494561
hs20 0 39999999 0.420170
hs20 40000000 79999999 0.247340
hs16 0 39999999 0.416923
hs16 40000000 79999999 0.348377
hs16 80000000 119999999 0.112297
hs4 0 39999999 0.328497
hs4 40000000 79999999 0.313029
hs4 80000000 119999999 0.426226
hs4 120000000 159999999 0.293497
hs4 160000000 199999999 0.245000
hs18 0 39999999 0.375125
hs18 40000000 79999999 0.297770
hs13 0 39999999 0.242294
hs13 40000000 79999999 0.281127
hs13 80000000 119999999 0.302904
hs3 0 39999999 0.422701
hs3 40000000 79999999 0.562213
hs3 80000000 119999999 0.273145
hs3 120000000 159999999 0.492281
hs3 160000000 199999999 0.409761
hs9 0 39999999 0.388495
hs9 40000000 79999999 0.143985
hs9 80000000 119999999 0.388068
hs9 120000000 159999999 0.295639
hs15 0 39999999 0.216885
hs15 40000000 79999999 0.548726
hs15 80000000 119999999 0.213300
hs5 0 39999999 0.310684
hs5 40000000 79999999 0.410310
hs5 80000000 119999999 0.301602
hs5 120000000 159999999 0.521788
hs5 160000000 199999999 0.205821
hsY 0 39999999 0.148821
hsY 40000000 79999999 0.002260
hs19 0 39999999 0.369980
hs19 40000000 79999999 0.321978
hs1 0 39999999 0.512084
hs1 40000000 79999999 0.546973
hs1 80000000 119999999 0.351039
hs1 120000000 159999999 0.199029
hs1 160000000 199999999 0.403630
hs1 200000000 239999999 0.484774
hs1 240000000 279999999 0.095786
hs2 0 39999999 0.354563
hs2 40000000 79999999 0.390213
hs2 80000000 119999999 0.342505
hs2 120000000 159999999 0.385072
hs2 160000000 199999999 0.420688
hs2 200000000 239999999 0.494141
hs2 240000000 279999999 0.030078
hs8 0 39999999 0.433024
hs8 40000000 79999999 0.322238
hs8 80000000 119999999 0.359217
hs8 120000000 159999999 0.232869
hs6 0 39999999 0.415781
hs6 40000000 79999999 0.361919
hs6 80000000 119999999 0.316335
hs6 120000000 159999999 0.447023
hs6 160000000 199999999 0.128992
hs17 0 39999999 0.542922
hs17 40000000 79999999 0.506660
hs14 0 39999999 0.166222
hs14 40000000 79999999 0.456540
hs14 80000000 119999999 0.236600
hs21 0 39999999 0.212449
hs21 40000000 79999999 0.103410
