hsX 0 5999999 0.236007
hsX 6000000 11999999 0.378518
hsX 12000000 17999999 0.461448
hsX 18000000 23999999 0.429983
hsX 24000000 29999999 0.332385
hsX 30000000 35999999 0.423727
hsX 36000000 41999999 0.310213
hsX 42000000 47999999 0.273439
hsX 48000000 53999999 0.449374
hsX 54000000 59999999 0.181656
hsX 60000000 65999999 0.136058
hsX 66000000 71999999 0.488055
hsX 72000000 77999999 0.315413
hsX 78000000 83999999 0.136377
hsX 84000000 89999999 0.211659
hsX 90000000 95999999 0.177232
hsX 96000000 101999999 0.420848
hsX 102000000 107999999 0.495109
hsX 108000000 113999999 0.398526
hsX 114000000 119999999 0.331222
hsX 120000000 125999999 0.210052
hsX 126000000 131999999 0.261261
hsX 132000000 137999999 0.341157
hsX 138000000 143999999 0.087510
hsX 144000000 149999999 0.220519
hsX 150000000 155999999 0.348632
hs12 0 5999999 0.640245
hs12 6000000 11999999 0.499102
hs12 12000000 17999999 0.399546
hs12 18000000 23999999 0.442020
hs12 24000000 29999999 0.530176
hs12 30000000 35999999 0.208414
hs12 36000000 41999999 0.375375
hs12 42000000 47999999 0.446337
hs12 48000000 53999999 0.528115
hs12 54000000 59999999 0.247816
hs12 60000000 65999999 0.491321
hs12 66000000 71999999 0.361193
hs12 72000000 77999999 0.223945
hs12 78000000 83999999 0.425783
hs12 84000000 89999999 0.271412
hs12 90000000 95999999 0.334429
hs12 96000000 101999999 0.508682
hs12 102000000 107999999 0.573125
hs12 108000000 113999999 0.533134
hs12 114000000 119999999 0.520253
hs12 120000000 125999999 0.526896
hs12 126000000 131999999 0.457734
hs12 132000000 137999999 0.027418
hs22 0 5999999 0.000000
hs22 6000000 11999999 0.000000
hs22 12000000 17999999 0.224541
hs22 18000000 23999999 0.496452
hs22 24000000 29999999 0.685704
hs22 30000000 35999999 0.514662
hs22 36000000 41999999 0.638637
hs22 42000000 47999999 0.509783
hs22 48000000 53999999 0.130037
hs11 0 5999999 0.480971
hs11 6000000 11999999 0.547640
hs11 12000000 17999999 0.533641
hs11 18000000 23999999 0.458981
hs11 24000000 29999999 0.299494
hs11 30000000 35999999 0.455800
hs11 36000000 41999999 0.113239
hs11 42000000 47999999 0.450257
hs11 48000000 53999999 0.084972
hs11 54000000 59999999 0.255670
hs11 60000000 65999999 0.564156
hs11 66000000 71999999 0.506667
hs11 72000000 77999999 0.677392
hs11 78000000 83999999 0.375581
hs11 84000000 89999999 0.540112
hs11 90000000 95999999 0.344009
hs11 96000000 101999999 0.384999
hs11 102000000 107999999 0.420656
hs11 108000000 113999999 0.370688
hs11 114000000 119999999 0.429345
hs11 120000000 125999999 0.449278
hs11 126000000 131999999 0.443754
hs11 132000000 137999999 0.214178
hs10 0 5999999 0.327022
hs10 6000000 11999999 0.270868
hs10 12000000 17999999 0.660431
hs10 18000000 23999999 0.442603
hs10 24000000 29999999 0.565417
hs10 30000000 35999999 0.453127
hs10 36000000 41999999 0.057498
hs10 42000000 47999999 0.263077
hs10 48000000 53999999 0.626598
hs10 54000000 59999999 0.200745
hs10 60000000 65999999 0.382525
hs10 66000000 71999999 0.628258
hs10 72000000 77999999 0.690346
hs10 78000000 83999999 0.368107
hs10 84000000 89999999 0.464828
hs10 90000000 95999999 0.513996
hs10 96000000 101999999 0.694021
hs10 102000000 107999999 0.580305
hs10 108000000 113999999 0.216669
hs10 114000000 119999999 0.584901
hs10 120000000 125999999 0.380450
hs10 126000000 131999999 0.447914
hs10 132000000 137999999 0.189118
hs7 0 5999999 0.589948
hs7 6000000 11999999 0.367612
hs7 12000000 17999999 0.354663
hs7 18000000 23999999 0.382341
hs7 24000000 29999999 0.449336
hs7 30000000 35999999 0.503135
hs7 36000000 41999999 0.554850
hs7 42000000 47999999 0.409230
hs7 48000000 53999999 0.272578
hs7 54000000 59999999 0.121123
hs7 60000000 65999999 0.177180
hs7 66000000 71999999 0.504341
hs7 72000000 77999999 0.599796
hs7 78000000 83999999 0.467483
hs7 84000000 89999999 0.381459
hs7 90000000 95999999 0.479088
hs7 96000000 101999999 0.473812
hs7 102000000 107999999 0.706167
hs7 108000000 113999999 0.383625
hs7 114000000 119999999 0.288818
hs7 120000000 125999999 0.352975
hs7 126000000 131999999 0.611867
hs7 132000000 137999999 0.549068
hs7 138000000 143999999 0.446286
hs7 144000000 149999999 0.547654
hs7 150000000 155999999 0.466369
hs7 156000000 161999999 0.322852
hs20 0 5999999 0.450622
hs20 6000000 11999999 0.339688
hs20 12000000 17999999 0.612332
hs20 18000000 23999999 0.361555
hs20 24000000 29999999 0.193687
hs20 30000000 35999999 0.641021
hs20 36000000 41999999 0.420001
hs20 42000000 47999999 0.537696
hs20 48000000 53999999 0.300312
hs20 54000000 59999999 0.353244
hs20 60000000 65999999 0.239913
hs16 0 5999999 0.589708
hs16 6000000 11999999 0.539746
hs16 12000000 17999999 0.488058
hs16 18000000 23999999 0.551135
hs16 24000000 29999999 0.449829
hs16 30000000 35999999 0.161011
hs16 36000000 41999999 0.000000
hs16 42000000 47999999 0.215780
hs16 48000000 53999999 0.290216
hs16 54000000 59999999 0.322129
hs16 60000000 65999999 0.274717
hs16 66000000 71999999 0.642646
hs16 72000000 77999999 0.452523
hs16 78000000 83999999 0.538557
hs16 84000000 89999999 0.334591
hs4 0 5999999 0.574343
hs4 6000000 11999999 0.401223
hs4 12000000 17999999 0.286290
hs4 18000000 23999999 0.329496
hs4 24000000 29999999 0.177129
hs4 30000000 35999999 0.107518
hs4 36000000 41999999 0.516650
hs4 42000000 47999999 0.414498
hs4 48000000 53999999 0.216035
hs4 54000000 59999999 0.226329
hs4 60000000 65999999 0.139742
hs4 66000000 71999999 0.269551
hs4 72000000 77999999 0.441725
hs4 78000000 83999999 0.427322
hs4 84000000 89999999 0.517264
hs4 90000000 95999999 0.637963
hs4 96000000 101999999 0.372856
hs4 102000000 107999999 0.392666
hs4 108000000 113999999 0.377183
hs4 114000000 119999999 0.292559
hs4 120000000 125999999 0.357732
hs4 126000000 131999999 0.158573
hs4 132000000 137999999 0.007947
hs4 138000000 143999999 0.400661
hs4 144000000 149999999 0.401339
hs4 150000000 155999999 0.452060
hs4 156000000 161999999 0.225229
hs4 162000000 167999999 0.398271
hs4 168000000 173999999 0.465222
hs4 174000000 179999999 0.317246
hs4 180000000 185999999 0.221922
hs4 186000000 191999999 0.183779
hs18 0 5999999 0.313421
hs18 6000000 11999999 0.504232
hs18 12000000 17999999 0.364623
hs18 18000000 23999999 0.441290
hs18 24000000 29999999 0.315926
hs18 30000000 35999999 0.469875
hs18 36000000 41999999 0.217231
hs18 42000000 47999999 0.422793
hs18 48000000 53999999 0.448210
hs18 54000000 59999999 0.379813
hs18 60000000 65999999 0.223694
hs18 66000000 71999999 0.168179
hs18 72000000 77999999 0.216683
hs13 0 5999999 0.000000
hs13 6000000 11999999 0.000000
hs13 12000000 17999999 0.000000
hs13 18000000 23999999 0.372475
hs13 24000000 29999999 0.477242
hs13 30000000 35999999 0.549042
hs13 36000000 41999999 0.412056
hs13 42000000 47999999 0.420469
hs13 48000000 53999999 0.355967
hs13 54000000 59999999 0.133777
hs13 60000000 65999999 0.047003
hs13 66000000 71999999 0.300115
hs13 72000000 77999999 0.318293
hs13 78000000 83999999 0.173087
hs13 84000000 89999999 0.002277
hs13 90000000 95999999 0.684700
hs13 96000000 101999999 0.627102
hs13 102000000 107999999 0.185437
hs13 108000000 113999999 0.437312
hs13 114000000 119999999 0.012473
hs3 0 5999999 0.365891
hs3 6000000 11999999 0.560466
hs3 12000000 17999999 0.586218
hs3 18000000 23999999 0.268570
hs3 24000000 29999999 0.327660
hs3 30000000 35999999 0.337341
hs3 36000000 41999999 0.558876
hs3 42000000 47999999 0.529683
hs3 48000000 53999999 0.750621
hs3 54000000 59999999 0.685249
hs3 60000000 65999999 0.669088
hs3 66000000 71999999 0.480970
hs3 72000000 77999999 0.250347
hs3 78000000 83999999 0.240462
hs3 84000000 89999999 0.270076
hs3 90000000 95999999 0.043251
hs3 96000000 101999999 0.435664
hs3 102000000 107999999 0.197884
hs3 108000000 113999999 0.407892
hs3 114000000 119999999 0.420849
hs3 120000000 125999999 0.753846
hs3 126000000 131999999 0.536878
hs3 132000000 137999999 0.618635
hs3 138000000 143999999 0.496944
hs3 144000000 149999999 0.180952
hs3 150000000 155999999 0.353308
hs3 156000000 161999999 0.534682
hs3 162000000 167999999 0.088709
hs3 168000000 173999999 0.582536
hs3 174000000 179999999 0.424109
hs3 180000000 185999999 0.371150
hs3 186000000 191999999 0.506340
hs3 192000000 197999999 0.414325
hs3 198000000 203999999 0.151195
hs9 0 5999999 0.465035
hs9 6000000 11999999 0.498031
hs9 12000000 17999999 0.403211
hs9 18000000 23999999 0.356358
hs9 24000000 29999999 0.233808
hs9 30000000 35999999 0.358589
hs9 36000000 41999999 0.297781
hs9 42000000 47999999 0.061811
hs9 48000000 53999999 0.000000
hs9 54000000 59999999 0.000000
hs9 60000000 65999999 0.004454
hs9 66000000 71999999 0.300710
hs9 72000000 77999999 0.374615
hs9 78000000 83999999 0.253774
hs9 84000000 89999999 0.319166
hs9 90000000 95999999 0.413878
hs9 96000000 101999999 0.546534
hs9 102000000 107999999 0.254302
hs9 108000000 113999999 0.452465
hs9 114000000 119999999 0.542462
hs9 120000000 125999999 0.510148
hs9 126000000 131999999 0.669268
hs9 132000000 137999999 0.535747
hs9 138000000 143999999 0.255762
hs15 0 5999999 0.000000
hs15 6000000 11999999 0.000000
hs15 12000000 17999999 0.000000
hs15 18000000 23999999 0.202150
hs15 24000000 29999999 0.502677
hs15 30000000 35999999 0.425105
hs15 36000000 41999999 0.581450
hs15 42000000 47999999 0.489497
hs15 48000000 53999999 0.575809
hs15 54000000 59999999 0.531412
hs15 60000000 65999999 0.619281
hs15 66000000 71999999 0.536264
hs15 72000000 77999999 0.514591
hs15 78000000 83999999 0.531298
hs15 84000000 89999999 0.496036
hs15 90000000 95999999 0.152724
hs15 96000000 101999999 0.367784
hs5 0 5999999 0.207531
hs5 6000000 11999999 0.458244
hs5 12000000 17999999 0.369629
hs5 18000000 23999999 0.296459
hs5 24000000 29999999 0.052614
hs5 30000000 35999999 0.362627
hs5 36000000 41999999 0.450631
hs5 42000000 47999999 0.214496
hs5 48000000 53999999 0.186354
hs5 54000000 59999999 0.492150
hs5 60000000 65999999 0.425869
hs5 66000000 71999999 0.601403
hs5 72000000 77999999 0.499897
hs5 78000000 83999999 0.547441
hs5 84000000 89999999 0.126622
hs5 90000000 95999999 0.464996
hs5 96000000 101999999 0.135887
hs5 102000000 107999999 0.187438
hs5 108000000 113999999 0.491736
hs5 114000000 119999999 0.245280
hs5 120000000 125999999 0.191241
hs5 126000000 131999999 0.406063
hs5 132000000 137999999 0.484838
hs5 138000000 143999999 1.326716
hs5 144000000 149999999 0.475940
hs5 150000000 155999999 0.312309
hs5 156000000 161999999 0.387474
hs5 162000000 167999999 0.213185
hs5 168000000 173999999 0.539768
hs5 174000000 179999999 0.480924
hs5 180000000 185999999 0.032269
hsY 0 5999999 0.276183
hsY 6000000 11999999 0.228482
hsY 12000000 17999999 0.130064
hsY 18000000 23999999 0.260819
hsY 24000000 29999999 0.096595
hsY 30000000 35999999 0.000000
hsY 36000000 41999999 0.000000
hsY 42000000 47999999 0.000000
hsY 48000000 53999999 0.000000
hsY 54000000 59999999 0.015066
hs19 0 5999999 0.634054
hs19 6000000 11999999 0.571571
hs19 12000000 17999999 0.578628
hs19 18000000 23999999 0.388782
hs19 24000000 29999999 0.007323
hs19 30000000 35999999 0.060006
hs19 36000000 41999999 0.387448
hs19 42000000 47999999 0.555584
hs19 48000000 53999999 0.539982
hs19 54000000 59999999 0.561701
hs19 60000000 65999999 0.327973
hs1 0 5999999 0.395314
hs1 6000000 11999999 0.686249
hs1 12000000 17999999 0.511157
hs1 18000000 23999999 0.524756
hs1 24000000 29999999 0.544397
hs1 30000000 35999999 0.451213
hs1 36000000 41999999 0.482447
hs1 42000000 47999999 0.583318
hs1 48000000 53999999 0.733249
hs1 54000000 59999999 0.530801
hs1 60000000 65999999 0.515818
hs1 66000000 71999999 0.465844
hs1 72000000 77999999 0.529846
hs1 78000000 83999999 0.137977
hs1 84000000 89999999 0.454325
hs1 90000000 95999999 0.414689
hs1 96000000 101999999 0.333290
hs1 102000000 107999999 0.233167
hs1 108000000 113999999 0.474505
hs1 114000000 119999999 0.398277
hs1 120000000 125999999 0.054948
hs1 126000000 131999999 0.000000
hs1 132000000 137999999 0.000000
hs1 138000000 143999999 0.123751
hs1 144000000 149999999 0.418409
hs1 150000000 155999999 0.486768
hs1 156000000 161999999 0.396325
hs1 162000000 167999999 0.414984
hs1 168000000 173999999 0.558514
hs1 174000000 179999999 0.590850
hs1 180000000 185999999 0.461321
hs1 186000000 191999999 0.119285
hs1 192000000 197999999 0.254186
hs1 198000000 203999999 0.531193
hs1 204000000 209999999 0.455925
hs1 210000000 215999999 0.581251
hs1 216000000 221999999 0.248123
hs1 222000000 227999999 0.460417
hs1 228000000 233999999 0.563523
hs1 234000000 239999999 0.529781
hs1 240000000 245999999 0.594172
hs1 246000000 251999999 0.044399
hs2 0 5999999 0.288805
hs2 6000000 11999999 0.323597
hs2 12000000 17999999 0.148624
hs2 18000000 23999999 0.164591
hs2 24000000 29999999 0.740649
hs2 30000000 35999999 0.388400
hs2 36000000 41999999 0.375799
hs2 42000000 47999999 0.544312
hs2 48000000 53999999 0.361278
hs2 54000000 59999999 0.276246
hs2 60000000 65999999 0.421897
hs2 66000000 71999999 0.364936
hs2 72000000 77999999 0.495868
hs2 78000000 83999999 0.192326
hs2 84000000 89999999 0.403666
hs2 90000000 95999999 0.059700
hs2 96000000 101999999 0.596478
hs2 102000000 107999999 0.205490
hs2 108000000 113999999 0.567699
hs2 114000000 119999999 0.328177
hs2 120000000 125999999 0.339814
hs2 126000000 131999999 0.230343
hs2 132000000 137999999 0.556158
hs2 138000000 143999999 0.474980
hs2 144000000 149999999 0.372160
hs2 150000000 155999999 0.327755
hs2 156000000 161999999 0.436131
hs2 162000000 167999999 0.475591
hs2 168000000 173999999 0.613199
hs2 174000000 179999999 0.478498
hs2 180000000 185999999 0.321783
hs2 186000000 191999999 0.352204
hs2 192000000 197999999 0.267429
hs2 198000000 203999999 0.532667
hs2 204000000 209999999 0.429546
hs2 210000000 215999999 0.668902
hs2 216000000 221999999 0.358381
hs2 222000000 227999999 0.347709
hs2 228000000 233999999 0.553225
hs2 234000000 239999999 0.529533
hs2 240000000 245999999 0.200521
hs8 0 5999999 0.463544
hs8 6000000 11999999 0.412375
hs8 12000000 17999999 0.501444
hs8 18000000 23999999 0.395695
hs8 24000000 29999999 0.418379
hs8 30000000 35999999 0.418399
hs8 36000000 41999999 0.416681
hs8 42000000 47999999 0.129406
hs8 48000000 53999999 0.439329
hs8 54000000 59999999 0.269348
hs8 60000000 65999999 0.343335
hs8 66000000 71999999 0.472759
hs8 72000000 77999999 0.315316
hs8 78000000 83999999 0.183828
hs8 84000000 89999999 0.371459
hs8 90000000 95999999 0.253476
hs8 96000000 101999999 0.510781
hs8 102000000 107999999 0.514079
hs8 108000000 113999999 0.279600
hs8 114000000 119999999 0.320624
hs8 120000000 125999999 0.399208
hs8 126000000 131999999 0.229135
hs8 132000000 137999999 0.322363
hs8 138000000 143999999 0.419362
hs8 144000000 149999999 0.182390
hs6 0 5999999 0.436611
hs6 6000000 11999999 0.321939
hs6 12000000 17999999 0.415549
hs6 18000000 23999999 0.294877
hs6 24000000 29999999 0.330836
hs6 30000000 35999999 0.508603
hs6 36000000 41999999 0.570865
hs6 42000000 47999999 0.570143
hs6 48000000 53999999 0.274737
hs6 54000000 59999999 0.303418
hs6 60000000 65999999 0.373663
hs6 66000000 71999999 0.373849
hs6 72000000 77999999 0.374825
hs6 78000000 83999999 0.176390
hs6 84000000 89999999 0.313887
hs6 90000000 95999999 0.208666
hs6 96000000 101999999 0.269341
hs6 102000000 107999999 0.320404
hs6 108000000 113999999 0.486625
hs6 114000000 119999999 0.368335
hs6 120000000 125999999 0.402043
hs6 126000000 131999999 0.451668
hs6 132000000 137999999 0.550774
hs6 138000000 143999999 0.272202
hs6 144000000 149999999 0.481956
hs6 150000000 155999999 0.541260
hs6 156000000 161999999 0.487249
hs6 162000000 167999999 0.496857
hs6 168000000 173999999 0.156088
hs17 0 5999999 0.641776
hs17 6000000 11999999 0.618123
hs17 12000000 17999999 0.400571
hs17 18000000 23999999 0.383654
hs17 24000000 29999999 0.697452
hs17 30000000 35999999 0.540116
hs17 36000000 41999999 0.536434
hs17 42000000 47999999 0.521706
hs17 48000000 53999999 0.284412
hs17 54000000 59999999 0.714211
hs17 60000000 65999999 0.545555
hs17 66000000 71999999 0.432857
hs17 72000000 77999999 0.589609
hs17 78000000 83999999 0.090741
hs14 0 5999999 0.000000
hs14 6000000 11999999 0.000000
hs14 12000000 17999999 0.000000
hs14 18000000 23999999 0.233527
hs14 24000000 29999999 0.129584
hs14 30000000 35999999 0.546558
hs14 36000000 41999999 0.247980
hs14 42000000 47999999 0.194110
hs14 48000000 53999999 0.360146
hs14 54000000 59999999 0.421911
hs14 60000000 65999999 0.483451
hs14 66000000 71999999 0.673485
hs14 72000000 77999999 0.625136
hs14 78000000 83999999 0.379888
hs14 84000000 89999999 0.275766
hs14 90000000 95999999 0.581555
hs14 96000000 101999999 0.307967
hs14 102000000 107999999 0.268022
hs21 0 5999999 0.000000
hs21 6000000 11999999 0.072944
hs21 12000000 17999999 0.205119
hs21 18000000 23999999 0.139756
hs21 24000000 29999999 0.216067
hs21 30000000 35999999 0.434814
hs21 36000000 41999999 0.558779
hs21 42000000 47999999 0.478245
