hsX 0 6999999 0.228184
hsX 7000000 13999999 0.449664
hsX 14000000 20999999 0.477646
hsX 21000000 27999999 0.224748
hsX 28000000 34999999 0.544265
hsX 35000000 41999999 0.280303
hsX 42000000 48999999 0.299001
hsX 49000000 55999999 0.421345
hsX 56000000 62999999 0.096230
hsX 63000000 69999999 0.330691
hsX 70000000 76999999 0.392556
hsX 77000000 83999999 0.157639
hsX 84000000 90999999 0.193290
hsX 91000000 97999999 0.246302
hsX 98000000 104999999 0.465554
hsX 105000000 111999999 0.515481
hsX 112000000 118999999 0.226012
hsX 119000000 125999999 0.277346
hsX 126000000 132999999 0.304755
hsX 133000000 139999999 0.269776
hsX 140000000 146999999 0.033909
hsX 147000000 153999999 0.425378
hsX 154000000 160999999 0.045392
hs12 0 6999999 0.639506
hs12 7000000 13999999 0.493994
hs12 14000000 20999999 0.365132
hs12 21000000 27999999 0.537742
hs12 28000000 34999999 0.294628
hs12 35000000 41999999 0.321750
hs12 42000000 48999999 0.482541
hs12 49000000 55999999 0.498367
hs12 56000000 62999999 0.293130
hs12 63000000 69999999 0.381118
hs12 70000000 76999999 0.265321
hs12 77000000 83999999 0.414816
hs12 84000000 90999999 0.239222
hs12 91000000 97999999 0.363491
hs12 98000000 104999999 0.570336
hs12 105000000 111999999 0.655337
hs12 112000000 118999999 0.433895
hs12 119000000 125999999 0.538802
hs12 126000000 132999999 0.415845
hs22 0 6999999 0.000000
hs22 7000000 13999999 0.000000
hs22 14000000 20999999 0.384333
hs22 21000000 27999999 0.638960
hs22 28000000 34999999 0.549068
hs22 35000000 41999999 0.621921
hs22 42000000 48999999 0.487425
hs22 49000000 55999999 0.060991
hs11 0 6999999 0.459083
hs11 7000000 13999999 0.560000
hs11 14000000 20999999 0.592994
hs11 21000000 27999999 0.331631
hs11 28000000 34999999 0.352919
hs11 35000000 41999999 0.180314
hs11 42000000 48999999 0.409033
hs11 49000000 55999999 0.072587
hs11 56000000 62999999 0.424014
hs11 63000000 69999999 0.523713
hs11 70000000 76999999 0.634073
hs11 77000000 83999999 0.434889
hs11 84000000 90999999 0.462953
hs11 91000000 97999999 0.294865
hs11 98000000 104999999 0.452390
hs11 105000000 111999999 0.421468
hs11 112000000 118999999 0.448998
hs11 119000000 125999999 0.438544
hs11 126000000 132999999 0.510020
hs11 133000000 139999999 0.053922
hs10 0 6999999 0.333065
hs10 7000000 13999999 0.382844
hs10 14000000 20999999 0.553152
hs10 21000000 27999999 0.554401
hs10 28000000 34999999 0.415733
hs10 35000000 41999999 0.141062
hs10 42000000 48999999 0.260248
hs10 49000000 55999999 0.612871
hs10 56000000 62999999 0.230971
hs10 63000000 69999999 0.519005
hs10 70000000 76999999 0.659002
hs10 77000000 83999999 0.426179
hs10 84000000 90999999 0.484642
hs10 91000000 97999999 0.537593
hs10 98000000 104999999 0.684776
hs10 105000000 111999999 0.341677
hs10 112000000 118999999 0.513335
hs10 119000000 125999999 0.382409
hs10 126000000 132999999 0.415259
hs10 133000000 139999999 0.130769
hs7 0 6999999 0.589930
hs7 7000000 13999999 0.271791
hs7 14000000 20999999 0.389689
hs7 21000000 27999999 0.389911
hs7 28000000 34999999 0.587061
hs7 35000000 41999999 0.516090
hs7 42000000 48999999 0.426932
hs7 49000000 55999999 0.231682
hs7 56000000 62999999 0.032596
hs7 63000000 69999999 0.364713
hs7 70000000 76999999 0.605246
hs7 77000000 83999999 0.526031
hs7 84000000 90999999 0.399186
hs7 91000000 97999999 0.401436
hs7 98000000 104999999 0.699554
hs7 105000000 111999999 0.480062
hs7 112000000 118999999 0.302443
hs7 119000000 125999999 0.345271
hs7 126000000 132999999 0.625721
hs7 133000000 139999999 0.568616
hs7 140000000 146999999 0.428967
hs7 147000000 153999999 0.535975
hs7 154000000 160999999 0.364231
hs20 0 6999999 0.394943
hs20 7000000 13999999 0.397786
hs20 14000000 20999999 0.662022
hs20 21000000 27999999 0.169215
hs20 28000000 34999999 0.521788
hs20 35000000 41999999 0.441879
hs20 42000000 48999999 0.522953
hs20 49000000 55999999 0.262568
hs20 56000000 62999999 0.441192
hs16 0 6999999 0.647017
hs16 7000000 13999999 0.477061
hs16 14000000 20999999 0.484130
hs16 21000000 27999999 0.513809
hs16 28000000 34999999 0.260402
hs16 35000000 41999999 0.000000
hs16 42000000 48999999 0.263545
hs16 49000000 55999999 0.336326
hs16 56000000 62999999 0.164637
hs16 63000000 69999999 0.619977
hs16 70000000 76999999 0.384658
hs16 77000000 83999999 0.576487
hs16 84000000 90999999 0.286792
hs4 0 6999999 0.576412
hs4 7000000 13999999 0.286345
hs4 14000000 20999999 0.369444
hs4 21000000 27999999 0.283639
hs4 28000000 34999999 0.060913
hs4 35000000 41999999 0.474088
hs4 42000000 48999999 0.427550
hs4 49000000 55999999 0.180367
hs4 56000000 62999999 0.208728
hs4 63000000 69999999 0.180671
hs4 70000000 76999999 0.353074
hs4 77000000 83999999 0.479785
hs4 84000000 90999999 0.497278
hs4 91000000 97999999 0.590128
hs4 98000000 104999999 0.432755
hs4 105000000 111999999 0.392329
hs4 112000000 118999999 0.240258
hs4 119000000 125999999 0.374300
hs4 126000000 132999999 0.135920
hs4 133000000 139999999 0.019928
hs4 140000000 146999999 0.469166
hs4 147000000 153999999 0.456641
hs4 154000000 160999999 0.329038
hs4 161000000 167999999 0.341375
hs4 168000000 174999999 0.454496
hs4 175000000 181999999 0.216191
hs4 182000000 188999999 0.330569
hs4 189000000 195999999 0.017174
hs18 0 6999999 0.347826
hs18 7000000 13999999 0.530310
hs18 14000000 20999999 0.334074
hs18 21000000 27999999 0.261099
hs18 28000000 34999999 0.513995
hs18 35000000 41999999 0.264066
hs18 42000000 48999999 0.488031
hs18 49000000 55999999 0.394093
hs18 56000000 62999999 0.222944
hs18 63000000 69999999 0.198518
hs18 70000000 76999999 0.290160
hs13 0 6999999 0.000000
hs13 7000000 13999999 0.000000
hs13 14000000 20999999 0.193001
hs13 21000000 27999999 0.415567
hs13 28000000 34999999 0.430738
hs13 35000000 41999999 0.512821
hs13 42000000 48999999 0.432930
hs13 49000000 55999999 0.232586
hs13 56000000 62999999 0.122073
hs13 63000000 69999999 0.228804
hs13 70000000 76999999 0.297635
hs13 77000000 83999999 0.184867
hs13 84000000 90999999 0.029658
hs13 91000000 97999999 0.699503
hs13 98000000 104999999 0.437161
hs13 105000000 111999999 0.319775
hs13 112000000 118999999 0.184732
hs3 0 6999999 0.331078
hs3 7000000 13999999 0.629491
hs3 14000000 20999999 0.442099
hs3 21000000 27999999 0.270343
hs3 28000000 34999999 0.401939
hs3 35000000 41999999 0.500784
hs3 42000000 48999999 0.551194
hs3 49000000 55999999 0.757036
hs3 56000000 62999999 0.725322
hs3 63000000 69999999 0.519989
hs3 70000000 76999999 0.244797
hs3 77000000 83999999 0.292878
hs3 84000000 90999999 0.231494
hs3 91000000 97999999 0.044653
hs3 98000000 104999999 0.475345
hs3 105000000 111999999 0.265050
hs3 112000000 118999999 0.505415
hs3 119000000 125999999 0.646154
hs3 126000000 132999999 0.570718
hs3 133000000 139999999 0.533658
hs3 140000000 146999999 0.419029
hs3 147000000 153999999 0.307367
hs3 154000000 160999999 0.443239
hs3 161000000 167999999 0.134653
hs3 168000000 174999999 0.595736
hs3 175000000 181999999 0.386309
hs3 182000000 188999999 0.414698
hs3 189000000 195999999 0.428593
hs3 196000000 202999999 0.274368
hs9 0 6999999 0.472994
hs9 7000000 13999999 0.382433
hs9 14000000 20999999 0.547998
hs9 21000000 27999999 0.172173
hs9 28000000 34999999 0.321281
hs9 35000000 41999999 0.342674
hs9 42000000 48999999 0.052981
hs9 49000000 55999999 0.000000
hs9 56000000 62999999 0.000000
hs9 63000000 69999999 0.068700
hs9 70000000 76999999 0.470713
hs9 77000000 83999999 0.260775
hs9 84000000 90999999 0.319353
hs9 91000000 97999999 0.456301
hs9 98000000 104999999 0.447680
hs9 105000000 111999999 0.317474
hs9 112000000 118999999 0.593820
hs9 119000000 125999999 0.470190
hs9 126000000 132999999 0.647553
hs9 133000000 139999999 0.576862
hs9 140000000 146999999 0.027679
hs15 0 6999999 0.000000
hs15 7000000 13999999 0.000000
hs15 14000000 20999999 0.092320
hs15 21000000 27999999 0.423337
hs15 28000000 34999999 0.427028
hs15 35000000 41999999 0.524214
hs15 42000000 48999999 0.517773
hs15 49000000 55999999 0.561984
hs15 56000000 62999999 0.527405
hs15 63000000 69999999 0.583986
hs15 70000000 76999999 0.566858
hs15 77000000 83999999 0.497552
hs15 84000000 90999999 0.491710
hs15 91000000 97999999 0.197475
hs15 98000000 104999999 0.182138
hs5 0 6999999 0.205910
hs5 7000000 13999999 0.433967
hs5 14000000 20999999 0.321213
hs5 21000000 27999999 0.225606
hs5 28000000 34999999 0.241219
hs5 35000000 41999999 0.455859
hs5 42000000 48999999 0.183853
hs5 49000000 55999999 0.273953
hs5 56000000 62999999 0.451468
hs5 63000000 69999999 0.596193
hs5 70000000 76999999 0.474475
hs5 77000000 83999999 0.563722
hs5 84000000 90999999 0.187214
hs5 91000000 97999999 0.372850
hs5 98000000 104999999 0.107448
hs5 105000000 111999999 0.406711
hs5 112000000 118999999 0.317159
hs5 119000000 125999999 0.188504
hs5 126000000 132999999 0.448799
hs5 133000000 139999999 0.517757
hs5 140000000 146999999 1.107377
hs5 147000000 153999999 0.423633
hs5 154000000 160999999 0.388497
hs5 161000000 167999999 0.205246
hs5 168000000 174999999 0.471219
hs5 175000000 181999999 0.431319
hsY 0 6999999 0.278240
hsY 7000000 13999999 0.204567
hsY 14000000 20999999 0.141472
hsY 21000000 27999999 0.226129
hsY 28000000 34999999 0.000000
hsY 35000000 41999999 0.000000
hsY 42000000 48999999 0.000000
hsY 49000000 55999999 0.000000
hsY 56000000 62999999 0.012914
hs19 0 6999999 0.626688
hs19 7000000 13999999 0.573094
hs19 14000000 20999999 0.567590
hs19 21000000 27999999 0.101505
hs19 28000000 34999999 0.013449
hs19 35000000 41999999 0.370083
hs19 42000000 48999999 0.533328
hs19 49000000 55999999 0.599297
hs19 56000000 62999999 0.504862
hs19 63000000 69999999 0.064146
hs1 0 6999999 0.458987
hs1 7000000 13999999 0.589138
hs1 14000000 20999999 0.518922
hs1 21000000 27999999 0.552693
hs1 28000000 34999999 0.473153
hs1 35000000 41999999 0.488992
hs1 42000000 48999999 0.577559
hs1 49000000 55999999 0.691627
hs1 56000000 62999999 0.512629
hs1 63000000 69999999 0.474595
hs1 70000000 76999999 0.510204
hs1 77000000 83999999 0.230688
hs1 84000000 90999999 0.411672
hs1 91000000 97999999 0.444274
hs1 98000000 104999999 0.263618
hs1 105000000 111999999 0.376047
hs1 112000000 118999999 0.442079
hs1 119000000 125999999 0.087910
hs1 126000000 132999999 0.000000
hs1 133000000 139999999 0.000000
hs1 140000000 146999999 0.268481
hs1 147000000 153999999 0.465342
hs1 154000000 160999999 0.465479
hs1 161000000 167999999 0.378045
hs1 168000000 174999999 0.559244
hs1 175000000 181999999 0.563986
hs1 182000000 188999999 0.311639
hs1 189000000 195999999 0.217909
hs1 196000000 202999999 0.417206
hs1 203000000 209999999 0.476823
hs1 210000000 216999999 0.535126
hs1 217000000 223999999 0.334792
hs1 224000000 230999999 0.495508
hs1 231000000 237999999 0.465165
hs1 238000000 244999999 0.679730
hs1 245000000 251999999 0.079679
hs2 0 6999999 0.262853
hs2 7000000 13999999 0.265758
hs2 14000000 20999999 0.187520
hs2 21000000 27999999 0.479160
hs2 28000000 34999999 0.565852
hs2 35000000 41999999 0.322113
hs2 42000000 48999999 0.531186
hs2 49000000 55999999 0.424352
hs2 56000000 62999999 0.243891
hs2 63000000 69999999 0.357932
hs2 70000000 76999999 0.468956
hs2 77000000 83999999 0.250995
hs2 84000000 90999999 0.345999
hs2 91000000 97999999 0.201626
hs2 98000000 104999999 0.433329
hs2 105000000 111999999 0.455617
hs2 112000000 118999999 0.378162
hs2 119000000 125999999 0.329002
hs2 126000000 132999999 0.237042
hs2 133000000 139999999 0.492569
hs2 140000000 146999999 0.479805
hs2 147000000 153999999 0.365857
hs2 154000000 160999999 0.441152
hs2 161000000 167999999 0.446246
hs2 168000000 174999999 0.570848
hs2 175000000 181999999 0.445580
hs2 182000000 188999999 0.285130
hs2 189000000 195999999 0.254083
hs2 196000000 202999999 0.522345
hs2 203000000 209999999 0.489436
hs2 210000000 216999999 0.626231
hs2 217000000 223999999 0.339222
hs2 224000000 230999999 0.430061
hs2 231000000 237999999 0.561686
hs2 238000000 244999999 0.321319
hs8 0 6999999 0.456128
hs8 7000000 13999999 0.400279
hs8 14000000 20999999 0.473572
hs8 21000000 27999999 0.419330
hs8 28000000 34999999 0.407808
hs8 35000000 41999999 0.437041
hs8 42000000 48999999 0.200629
hs8 49000000 55999999 0.344672
hs8 56000000 62999999 0.316887
hs8 63000000 69999999 0.441094
hs8 70000000 76999999 0.347940
hs8 77000000 83999999 0.194482
hs8 84000000 90999999 0.325544
hs8 91000000 97999999 0.298196
hs8 98000000 104999999 0.573549
hs8 105000000 111999999 0.357083
hs8 112000000 118999999 0.284825
hs8 119000000 125999999 0.431568
hs8 126000000 132999999 0.215899
hs8 133000000 139999999 0.355752
hs8 140000000 146999999 0.416850
hs6 0 6999999 0.448418
hs6 7000000 13999999 0.352191
hs6 14000000 20999999 0.331354
hs6 21000000 27999999 0.358336
hs6 28000000 34999999 0.384824
hs6 35000000 41999999 0.592830
hs6 42000000 48999999 0.509320
hs6 49000000 55999999 0.338348
hs6 56000000 62999999 0.215470
hs6 63000000 69999999 0.394699
hs6 70000000 76999999 0.488422
hs6 77000000 83999999 0.151192
hs6 84000000 90999999 0.393064
hs6 91000000 97999999 0.158310
hs6 98000000 104999999 0.216628
hs6 105000000 111999999 0.538961
hs6 112000000 118999999 0.303258
hs6 119000000 125999999 0.420609
hs6 126000000 132999999 0.441084
hs6 133000000 139999999 0.516590
hs6 140000000 146999999 0.375997
hs6 147000000 153999999 0.501351
hs6 154000000 160999999 0.460475
hs6 161000000 167999999 0.517616
hs6 168000000 174999999 0.133790
hs17 0 6999999 0.605780
hs17 7000000 13999999 0.548980
hs17 14000000 20999999 0.479310
hs17 21000000 27999999 0.505975
hs17 28000000 34999999 0.583285
hs17 35000000 41999999 0.549349
hs17 42000000 48999999 0.447176
hs17 49000000 55999999 0.459504
hs17 56000000 62999999 0.680002
hs17 63000000 69999999 0.344043
hs17 70000000 76999999 0.628764
hs17 77000000 83999999 0.165446
hs14 0 6999999 0.000000
hs14 7000000 13999999 0.000000
hs14 14000000 20999999 0.077497
hs14 21000000 27999999 0.180042
hs14 28000000 34999999 0.473379
hs14 35000000 41999999 0.261352
hs14 42000000 48999999 0.166380
hs14 49000000 55999999 0.448617
hs14 56000000 62999999 0.422289
hs14 63000000 69999999 0.634784
hs14 70000000 76999999 0.630492
hs14 77000000 83999999 0.387261
hs14 84000000 90999999 0.343691
hs14 91000000 97999999 0.423496
hs14 98000000 104999999 0.452939
hs14 105000000 111999999 0.008425
hs21 0 6999999 0.000000
hs21 7000000 13999999 0.078451
hs21 14000000 20999999 0.193808
hs21 21000000 27999999 0.180326
hs21 28000000 34999999 0.422193
hs21 35000000 41999999 0.520204
hs21 42000000 48999999 0.409924
