hsX 0 8999999 0.229409
hsX 9000000 17999999 0.487906
hsX 18000000 26999999 0.353582
hsX 27000000 35999999 0.437148
hsX 36000000 44999999 0.289061
hsX 45000000 53999999 0.399623
hsX 54000000 62999999 0.153239
hsX 63000000 71999999 0.383940
hsX 72000000 80999999 0.263286
hsX 81000000 89999999 0.179013
hsX 90000000 98999999 0.244881
hsX 99000000 107999999 0.483912
hsX 108000000 116999999 0.311677
hsX 117000000 125999999 0.314856
hsX 126000000 134999999 0.304164
hsX 135000000 143999999 0.155788
hsX 144000000 152999999 0.264007
hsX 153000000 161999999 0.115427
hs12 0 8999999 0.591231
hs12 9000000 17999999 0.434698
hs12 18000000 26999999 0.500527
hs12 27000000 35999999 0.286546
hs12 36000000 44999999 0.458600
hs12 45000000 53999999 0.441284
hs12 54000000 62999999 0.341284
hs12 63000000 71999999 0.392270
hs12 72000000 80999999 0.355880
hs12 81000000 89999999 0.258213
hs12 90000000 98999999 0.393376
hs12 99000000 107999999 0.550781
hs12 108000000 116999999 0.516122
hs12 117000000 125999999 0.537401
hs12 126000000 134999999 0.323435
hs22 0 8999999 0.000000
hs22 9000000 17999999 0.149694
hs22 18000000 26999999 0.553107
hs22 27000000 35999999 0.578105
hs22 36000000 44999999 0.644439
hs22 45000000 53999999 0.207865
hs11 0 8999999 0.489313
hs11 9000000 17999999 0.552189
hs11 18000000 26999999 0.415770
hs11 27000000 35999999 0.393746
hs11 36000000 44999999 0.171314
hs11 45000000 53999999 0.260998
hs11 54000000 62999999 0.347563
hs11 63000000 71999999 0.536766
hs11 72000000 80999999 0.539080
hs11 81000000 89999999 0.522977
hs11 90000000 98999999 0.296330
hs11 99000000 107999999 0.470113
hs11 108000000 116999999 0.370214
hs11 117000000 125999999 0.462661
hs11 126000000 134999999 0.438621
hs10 0 8999999 0.334051
hs10 9000000 17999999 0.504829
hs10 18000000 26999999 0.529117
hs10 27000000 35999999 0.444981
hs10 36000000 44999999 0.107288
hs10 45000000 53999999 0.524161
hs10 54000000 62999999 0.265620
hs10 63000000 71999999 0.542065
hs10 72000000 80999999 0.619749
hs10 81000000 89999999 0.395772
hs10 90000000 98999999 0.570726
hs10 99000000 107999999 0.621489
hs10 108000000 116999999 0.344405
hs10 117000000 125999999 0.443608
hs10 126000000 134999999 0.405598
hs10 135000000 143999999 0.019091
hs7 0 8999999 0.564366
hs7 9000000 17999999 0.310449
hs7 18000000 26999999 0.351259
hs7 27000000 35999999 0.538615
hs7 36000000 44999999 0.551253
hs7 45000000 53999999 0.273186
hs7 54000000 62999999 0.083068
hs7 63000000 71999999 0.452028
hs7 72000000 80999999 0.545706
hs7 81000000 89999999 0.420120
hs7 90000000 98999999 0.428376
hs7 99000000 107999999 0.677669
hs7 108000000 116999999 0.382080
hs7 117000000 125999999 0.301532
hs7 126000000 134999999 0.633273
hs7 135000000 143999999 0.438207
hs7 144000000 152999999 0.520775
hs7 153000000 161999999 0.370474
hs20 0 8999999 0.401699
hs20 9000000 17999999 0.533395
hs20 18000000 26999999 0.327990
hs20 27000000 35999999 0.469518
hs20 36000000 44999999 0.464096
hs20 45000000 53999999 0.374576
hs20 54000000 62999999 0.395438
hs16 0 8999999 0.612353
hs16 9000000 17999999 0.465989
hs16 18000000 26999999 0.488021
hs16 27000000 35999999 0.286630
hs16 36000000 44999999 0.000000
hs16 45000000 53999999 0.337331
hs16 54000000 62999999 0.257287
hs16 63000000 71999999 0.569042
hs16 72000000 80999999 0.445212
hs16 81000000 89999999 0.438568
hs4 0 8999999 0.593875
hs4 9000000 17999999 0.247363
hs4 18000000 26999999 0.337750
hs4 27000000 35999999 0.071679
hs4 36000000 44999999 0.442485
hs4 45000000 53999999 0.322304
hs4 54000000 62999999 0.214812
hs4 63000000 71999999 0.208936
hs4 72000000 80999999 0.425019
hs4 81000000 89999999 0.499188
hs4 90000000 98999999 0.534357
hs4 99000000 107999999 0.401300
hs4 108000000 116999999 0.393630
hs4 117000000 125999999 0.291352
hs4 126000000 134999999 0.110411
hs4 135000000 143999999 0.267709
hs4 144000000 152999999 0.423444
hs4 153000000 161999999 0.295641
hs4 162000000 170999999 0.453602
hs4 171000000 179999999 0.333557
hs4 180000000 188999999 0.257109
hs4 189000000 197999999 0.013358
hs18 0 8999999 0.392735
hs18 9000000 17999999 0.395450
hs18 18000000 26999999 0.309113
hs18 27000000 35999999 0.508947
hs18 36000000 44999999 0.300779
hs18 45000000 53999999 0.424710
hs18 54000000 62999999 0.278829
hs18 63000000 71999999 0.235628
hs18 72000000 80999999 0.144455
hs13 0 8999999 0.000000
hs13 9000000 17999999 0.000000
hs13 18000000 26999999 0.406994
hs13 27000000 35999999 0.525512
hs13 36000000 44999999 0.436367
hs13 45000000 53999999 0.355960
hs13 54000000 62999999 0.094946
hs13 63000000 71999999 0.225651
hs13 72000000 80999999 0.280882
hs13 81000000 89999999 0.048223
hs13 90000000 98999999 0.636821
hs13 99000000 107999999 0.361337
hs13 108000000 116999999 0.299857
hs3 0 8999999 0.397586
hs3 9000000 17999999 0.610797
hs3 18000000 26999999 0.265764
hs3 27000000 35999999 0.356617
hs3 36000000 44999999 0.532285
hs3 45000000 53999999 0.693835
hs3 54000000 62999999 0.728116
hs3 63000000 71999999 0.495422
hs3 72000000 80999999 0.296973
hs3 81000000 89999999 0.210284
hs3 90000000 98999999 0.142294
hs3 99000000 107999999 0.308906
hs3 108000000 116999999 0.480224
hs3 117000000 125999999 0.574834
hs3 126000000 134999999 0.587606
hs3 135000000 143999999 0.514032
hs3 144000000 152999999 0.296862
hs3 153000000 161999999 0.415766
hs3 162000000 170999999 0.254825
hs3 171000000 179999999 0.475412
hs3 180000000 188999999 0.415259
hs3 189000000 197999999 0.445951
hs3 198000000 206999999 0.100796
hs9 0 8999999 0.463964
hs9 9000000 17999999 0.446888
hs9 18000000 26999999 0.256931
hs9 27000000 35999999 0.375573
hs9 36000000 44999999 0.232834
hs9 45000000 53999999 0.006895
hs9 54000000 62999999 0.000000
hs9 63000000 71999999 0.203443
hs9 72000000 80999999 0.387157
hs9 81000000 89999999 0.244546
hs9 90000000 98999999 0.445395
hs9 99000000 107999999 0.364414
hs9 108000000 116999999 0.495799
hs9 117000000 125999999 0.507584
hs9 126000000 134999999 0.659048
hs9 135000000 143999999 0.314804
hs15 0 8999999 0.000000
hs15 9000000 17999999 0.000000
hs15 18000000 26999999 0.315382
hs15 27000000 35999999 0.437906
hs15 36000000 44999999 0.554737
hs15 45000000 53999999 0.543101
hs15 54000000 62999999 0.539811
hs15 63000000 71999999 0.584827
hs15 72000000 80999999 0.487980
hs15 81000000 89999999 0.539970
hs15 90000000 98999999 0.282094
hs15 99000000 107999999 0.064911
hs5 0 8999999 0.215205
hs5 9000000 17999999 0.475065
hs5 18000000 26999999 0.224443
hs5 27000000 35999999 0.250023
hs5 36000000 44999999 0.394876
hs5 45000000 53999999 0.172777
hs5 54000000 62999999 0.439980
hs5 63000000 71999999 0.572967
hs5 72000000 80999999 0.551416
hs5 81000000 89999999 0.231224
hs5 90000000 98999999 0.362139
hs5 99000000 107999999 0.163408
hs5 108000000 116999999 0.410954
hs5 117000000 125999999 0.207884
hs5 126000000 134999999 0.428577
hs5 135000000 143999999 1.049835
hs5 144000000 152999999 0.409918
hs5 153000000 161999999 0.373898
hs5 162000000 170999999 0.388367
hs5 171000000 179999999 0.434217
hs5 180000000 188999999 0.021513
hsY 0 8999999 0.235335
hsY 9000000 17999999 0.187817
hsY 18000000 26999999 0.238276
hsY 27000000 35999999 0.000000
hsY 36000000 44999999 0.000000
hsY 45000000 53999999 0.000000
hsY 54000000 62999999 0.010044
hs19 0 8999999 0.609163
hs19 9000000 17999999 0.580339
hs19 18000000 26999999 0.264070
hs19 27000000 35999999 0.040004
hs19 36000000 44999999 0.459358
hs19 45000000 53999999 0.529318
hs19 54000000 62999999 0.543224
hs19 63000000 71999999 0.049891
hs1 0 8999999 0.516343
hs1 9000000 17999999 0.545470
hs1 18000000 26999999 0.527620
hs1 27000000 35999999 0.485958
hs1 36000000 44999999 0.519980
hs1 45000000 53999999 0.679362
hs1 54000000 62999999 0.508145
hs1 63000000 71999999 0.500164
hs1 72000000 80999999 0.423879
hs1 81000000 89999999 0.324220
hs1 90000000 98999999 0.391533
hs1 99000000 107999999 0.262564
hs1 108000000 116999999 0.464384
hs1 117000000 125999999 0.154102
hs1 126000000 134999999 0.000000
hs1 135000000 143999999 0.082501
hs1 144000000 152999999 0.408235
hs1 153000000 161999999 0.459434
hs1 162000000 170999999 0.449275
hs1 171000000 179999999 0.593624
hs1 180000000 188999999 0.349766
hs1 189000000 197999999 0.206763
hs1 198000000 206999999 0.497488
hs1 207000000 215999999 0.548092
hs1 216000000 224999999 0.340967
hs1 225000000 233999999 0.507076
hs1 234000000 242999999 0.532065
hs1 243000000 251999999 0.246836
hs2 0 8999999 0.243690
hs2 9000000 17999999 0.263661
hs2 18000000 26999999 0.343739
hs2 27000000 35999999 0.518688
hs2 36000000 44999999 0.437761
hs2 45000000 53999999 0.416499
hs2 54000000 62999999 0.329161
hs2 63000000 71999999 0.379558
hs2 72000000 80999999 0.458688
hs2 81000000 89999999 0.269218
hs2 90000000 98999999 0.236566
hs2 99000000 107999999 0.337879
hs2 108000000 116999999 0.552592
hs2 117000000 125999999 0.271201
hs2 126000000 134999999 0.330378
hs2 135000000 143999999 0.510608
hs2 144000000 152999999 0.348246
hs2 153000000 161999999 0.409117
hs2 162000000 170999999 0.532553
hs2 171000000 179999999 0.512305
hs2 180000000 188999999 0.284525
hs2 189000000 197999999 0.343086
hs2 198000000 206999999 0.529604
hs2 207000000 215999999 0.557806
hs2 216000000 224999999 0.333374
hs2 225000000 233999999 0.506170
hs2 234000000 242999999 0.486702
hs8 0 8999999 0.415138
hs8 9000000 17999999 0.503104
hs8 18000000 26999999 0.374255
hs8 27000000 35999999 0.447393
hs8 36000000 44999999 0.362402
hs8 45000000 53999999 0.294541
hs8 54000000 62999999 0.291434
hs8 63000000 71999999 0.432193
hs8 72000000 80999999 0.243374
hs8 81000000 89999999 0.337029
hs8 90000000 98999999 0.286601
hs8 99000000 107999999 0.565623
hs8 108000000 116999999 0.272947
hs8 117000000 125999999 0.393341
hs8 126000000 134999999 0.312803
hs8 135000000 143999999 0.334437
hs8 144000000 152999999 0.121593
hs6 0 8999999 0.418455
hs6 9000000 17999999 0.364277
hs6 18000000 26999999 0.355822
hs6 27000000 35999999 0.400388
hs6 36000000 44999999 0.565801
hs6 45000000 53999999 0.378029
hs6 54000000 62999999 0.263632
hs6 63000000 71999999 0.436988
hs6 72000000 80999999 0.309010
hs6 81000000 89999999 0.267725
hs6 90000000 98999999 0.219598
hs6 99000000 107999999 0.312676
hs6 108000000 116999999 0.390500
hs6 117000000 125999999 0.447503
hs6 126000000 134999999 0.420293
hs6 135000000 143999999 0.429469
hs6 144000000 152999999 0.556938
hs6 153000000 161999999 0.450039
hs6 162000000 170999999 0.435297
hs17 0 8999999 0.611411
hs17 9000000 17999999 0.495569
hs17 18000000 26999999 0.500165
hs17 27000000 35999999 0.580650
hs17 36000000 44999999 0.537566
hs17 45000000 53999999 0.357469
hs17 54000000 62999999 0.696675
hs17 63000000 71999999 0.431741
hs17 72000000 80999999 0.453567
hs14 0 8999999 0.000000
hs14 9000000 17999999 0.000000
hs14 18000000 26999999 0.200308
hs14 27000000 35999999 0.406137
hs14 36000000 44999999 0.201841
hs14 45000000 53999999 0.332983
hs14 54000000 62999999 0.437274
hs14 63000000 71999999 0.615291
hs14 72000000 80999999 0.663242
hs14 81000000 89999999 0.190618
hs14 90000000 98999999 0.432247
hs14 99000000 107999999 0.339449
hs21 0 8999999 0.000000
hs21 9000000 17999999 0.185375
hs21 18000000 26999999 0.160154
hs21 27000000 35999999 0.366938
hs21 36000000 44999999 0.569184
hs21 45000000 53999999 0.122166
