hsX 0 34999999 0.384902
hsX 35000000 69999999 0.285514
hsX 70000000 104999999 0.291068
hsX 105000000 139999999 0.318674
hsX 140000000 174999999 0.100936
hs12 0 34999999 0.466200
hs12 35000000 69999999 0.395381
hs12 70000000 104999999 0.370637
hs12 105000000 139999999 0.408776
hs22 0 34999999 0.314472
hs22 35000000 69999999 0.234068
hs11 0 34999999 0.459326
hs11 35000000 69999999 0.321932
hs11 70000000 104999999 0.455834
hs11 105000000 139999999 0.374590
hs10 0 34999999 0.447839
hs10 35000000 69999999 0.352831
hs10 70000000 104999999 0.558438
hs10 105000000 139999999 0.356690
hs7 0 34999999 0.445676
hs7 35000000 69999999 0.314402
hs7 70000000 104999999 0.526291
hs7 105000000 139999999 0.464423
hs7 140000000 174999999 0.265835
hs20 0 34999999 0.429151
hs20 35000000 69999999 0.333718
hs16 0 34999999 0.476484
hs16 35000000 69999999 0.276897
hs16 70000000 104999999 0.249587
hs4 0 34999999 0.315351
hs4 35000000 69999999 0.294281
hs4 70000000 104999999 0.470604
hs4 105000000 139999999 0.232547
hs4 140000000 174999999 0.410143
hs4 175000000 209999999 0.112787
hs18 0 34999999 0.397461
hs18 35000000 69999999 0.313531
hs18 70000000 104999999 0.058032
hs13 0 34999999 0.207861
hs13 35000000 69999999 0.305843
hs13 70000000 104999999 0.329765
hs13 105000000 139999999 0.100901
hs3 0 34999999 0.414990
hs3 35000000 69999999 0.610865
hs3 70000000 104999999 0.257833
hs3 105000000 139999999 0.504199
hs3 140000000 174999999 0.380005
hs3 175000000 209999999 0.300794
hs9 0 34999999 0.379376
hs9 35000000 69999999 0.092871
hs9 70000000 104999999 0.390964
hs9 105000000 139999999 0.521180
hs9 140000000 174999999 0.005536
hs15 0 34999999 0.188537
hs15 35000000 69999999 0.543072
hs15 70000000 104999999 0.387147
hs5 0 34999999 0.285583
hs5 35000000 69999999 0.392265
hs5 70000000 104999999 0.341142
hs5 105000000 139999999 0.375786
hs5 140000000 174999999 0.519194
hs5 175000000 209999999 0.086264
hsY 0 34999999 0.170082
hsY 35000000 69999999 0.002583
hs19 0 34999999 0.376465
hs19 35000000 69999999 0.414343
hs1 0 34999999 0.518579
hs1 35000000 69999999 0.549081
hs1 70000000 104999999 0.372091
hs1 105000000 139999999 0.181207
hs1 140000000 174999999 0.427318
hs1 175000000 209999999 0.397513
hs1 210000000 244999999 0.502064
hs1 245000000 279999999 0.015936
hs2 0 34999999 0.352229
hs2 35000000 69999999 0.375895
hs2 70000000 104999999 0.340181
hs2 105000000 139999999 0.378478
hs2 140000000 174999999 0.460782
hs2 175000000 209999999 0.399315
hs2 210000000 244999999 0.455704
hs8 0 34999999 0.431423
hs8 35000000 69999999 0.348065
hs8 70000000 104999999 0.347942
hs8 105000000 139999999 0.329025
hs8 140000000 174999999 0.083370
hs6 0 34999999 0.375025
hs6 35000000 69999999 0.410133
hs6 70000000 104999999 0.281523
hs6 105000000 139999999 0.444101
hs6 140000000 174999999 0.397846
hs17 0 34999999 0.544666
hs17 35000000 69999999 0.496015
hs17 70000000 104999999 0.158842
hs14 0 34999999 0.146184
hs14 35000000 69999999 0.386684
hs14 70000000 104999999 0.447576
hs14 105000000 139999999 0.001685
hs21 0 34999999 0.174956
hs21 35000000 69999999 0.186026
